3938	2472	13
-4.4584150314331055	0.6405810117721558	6.515729904174805	0.3908749222755432	0.984125018119812	0	0	0	0	0	0	0.0	-2.2969222754909424e-06	1.0	7.69012942214431e-09	1.0	2.2969218207435915e-06	-1.0	7.69012942214431e-09	1.7663628670621864e-14
-4.053972244262695	1.3440415859222412	6.515729904174805	0.5520735383033752	0.9391682147979736	0	0	0	0	0	0	0.0	-2.5932054086297285e-06	1.0	-1.5305864735637442e-06	1.0	2.593205181256053e-06	-1.0	-1.5305864735637442e-06	-3.9691249419104846e-12
-4.4584150314331055	1.5482646226882935	6.515729904174805	0.6091250777244568	0.9841250777244568	0	0	0	0	0	0	0.0	6.425989340641536e-07	1.0	-4.2388415977256955e-07	1.0	-6.425989909075724e-07	-1.0	-4.2388415977256955e-07	2.723874999253223e-13
-4.601229667663574	1.5999064445495605	5.293519020080566	0.625	0.25	0	0	0	0	0	0	0.0	0.0	-1.0	0.0	1.0	0.0	1.0	0.0	0.0
-2.601229667663574	0.5889392495155334	5.293519020080566	0.375	0.5	0	0	0	0	0	0	0.0	0.0	-1.0	0.0	1.0	0.0	1.0	0.0	0.0
-4.601229667663574	0.5889392495155334	5.293519020080566	0.375	0.25	0	0	0	0	0	0	0.0	0.0	-1.0	0.0	1.0	0.0	1.0	0.0	0.0
-3.907500743865967	0.8803255558013916	12.534433364868164	0.44792652130126953	0.9391682147979736	0	0	0	0	0	0	0.0	-1.1428569450799841e-05	1.0	-4.527991279701382e-07	1.0	1.142856854130514e-05	-1.0	-4.527991279701382e-07	-5.17484622861164e-12
-3.8682806491851807	0.8305990695953369	12.534433364868164	0.43583187460899353	0.9309510588645935	0	0	0	0	0	0	0.0	-2.949232111859601e-05	1.0	-8.821200481179403e-07	1.0	2.94923156616278e-05	-1.0	-8.821201049613592e-07	-2.601576766514402e-11
-3.2949585914611816	0.8803255558013916	12.534433364868164	0.44792649149894714	0.8108319044113159	0	0	0	0	0	0	0.0	4.089873073098715e-06	1.0	2.350170916542993e-06	1.0	-4.089871708856663e-06	-1.0	2.350170916542993e-06	-9.611900685102537e-12
-3.9959957599639893	1.4020183086395264	6.515729904174805	0.5641681551933289	0.9309510588645935	0	0	0	0	0	0	0.0	0.9999735951423645	0.007272426504641771	1.0	0.0	0.0	0.0	0.007272426504641771	-0.9999735951423645
-3.3341786861419678	1.3582465648651123	12.534433364868164	0.5641681551933289	0.8190490007400513	0	0	0	0	0	0	0.0	0.9999735951423645	0.007272428832948208	1.0	0.0	0.0	0.0	0.007272428832948208	-0.9999735951423645
-3.206463575363159	1.4020183086395264	6.515729904174805	0.5641681551933289	0.8190490007400513	0	0	0	0	0	0	0.0	0.9999735355377197	0.007272425107657909	1.0	0.0	0.0	0.0	0.007272425107657909	-0.9999735355377197
-4.601229667663574	1.5999064445495605	6.397128105163574	0.625	0.024259701371192932	0	0	0	0	0	0	-1.0	0.0	0.0	0.0	1.0	-3.803790704637322e-08	0.0	-3.803790704637322e-08	-1.0
-4.601229667663574	0.5889392495155334	5.293519020080566	0.375	0.25	0	0	0	0	0	0	-1.0	0.0	0.0	0.0	1.0	-3.402125869911288e-08	0.0	-3.402125869911288e-08	-1.0
-4.601229667663574	0.5889392495155334	6.397128105163574	0.375	0.024259716272354126	0	0	0	0	0	0	-1.0	0.0	0.0	0.0	1.0	-7.20591657454861e-08	0.0	-7.20591657454861e-08	-1.0
-3.148486852645874	1.3440415859222412	6.515729904174805	0.5520735383033752	0.8108318448066711	0	0	0	0	0	0	0.9997040629386902	0.0	0.024328887462615967	1.0	0.0	0.0	0.0	0.9999999403953552	0.0
-3.2949585914611816	0.8803255558013916	12.534433364868164	0.44792652130126953	0.8108318448066711	0	0	0	0	0	0	0.9997040033340454	0.0	0.024328885599970818	1.0	0.0	0.0	0.0	1.0	0.0
-3.148486852645874	0.844804048538208	6.515729904174805	0.44792649149894714	0.8108318448066711	0	0	0	0	0	0	0.9997040033340454	0.0	0.024328885599970818	1.0	0.0	0.0	0.0	1.0	0.0
-4.601229667663574	1.5999064445495605	5.293519020080566	0.875	0.5	0	0	0	0	0	0	0.0	1.0	0.0	-1.0	0.0	8.964131836819433e-08	8.964131836819433e-08	0.0	1.0
-2.601229667663574	1.5999064445495605	6.397128105163574	0.625	0.7257403135299683	0	0	0	0	0	0	0.0	0.9915483593940735	0.12973789870738983	-1.0	-5.412974513063773e-09	4.136976272661741e-08	4.172238732280675e-08	-0.12973789870738983	0.9915483593940735
-2.601229667663574	1.5999064445495605	5.293519020080566	0.625	0.5	0	0	0	0	0	0	0.0	1.0	0.0	-1.0	0.0	0.0	0.0	0.0	1.0
-3.206463575363159	0.7868273258209229	6.515729904174805	0.43583184480667114	0.8190490007400513	0	0	0	0	0	0	0.0	-0.9999735951423645	0.007272426504641771	1.0	0.0	0.0	0.0	0.007272426504641771	0.9999735951423645
-3.8682806491851807	0.8305990695953369	12.534433364868164	0.43583187460899353	0.9309510588645935	0	0	0	0	0	0	0.0	-0.9999735951423645	0.007272428832948208	1.0	0.0	0.0	0.0	0.007272428832948208	0.9999735951423645
-3.9959957599639893	0.7868273258209229	6.515729904174805	0.43583187460899353	0.9309510588645935	0	0	0	0	0	0	0.0	-0.9999735355377197	0.007272425107657909	1.0	0.0	0.0	0.0	0.007272425107657909	0.9999735355377197
-2.601229667663574	1.5999064445495605	5.293519020080566	0.625	0.5	0	0	0	0	0	0	1.0	0.0	0.0	0.0	1.0	1.233091069252623e-07	0.0	-1.233091069252623e-07	1.0
-2.601229667663574	0.5889392495155334	6.397128105163574	0.375	0.7257403135299683	0	0	0	0	0	0	1.0	0.0	0.0	0.0	1.0	1.3786734598397743e-07	0.0	-1.3786734598397743e-07	1.0
-2.601229667663574	0.5889392495155334	5.293519020080566	0.375	0.5	0	0	0	0	0	0	1.0	0.0	0.0	0.0	1.0	0.0	0.0	0.0	1.0
-4.4584150314331055	0.6405810117721558	6.515729904174805	0.3908749520778656	0.9841250777244568	0	0	0	0	0	0	0.0	-2.2969222754909424e-06	1.0	0.26258400082588196	0.9649091958999634	2.216321036030422e-06	-0.9649091362953186	0.26258397102355957	6.031349926161056e-07
-2.744044303894043	0.6405810117721558	6.515729904174805	0.3908749222755432	0.7658748626708984	0	0	0	0	0	0	0.0	1.162381295216619e-06	1.0	-0.31921032071113586	0.9476838707923889	-1.101570092032489e-06	-0.9476838707923889	-0.31921032071113586	3.710441092152905e-07
-3.206463575363159	0.7868273258209229	6.515729904174805	0.43583184480667114	0.8190490007400513	0	0	0	0	0	0	0.0	2.938714715128299e-06	1.0	-0.27464964985847473	0.961544394493103	-2.8257049962121528e-06	-0.961544394493103	-0.27464964985847473	8.071169759205077e-07
-2.744044303894043	1.5482646226882935	6.515729904174805	0.6091250777244568	0.7658749222755432	0	0	0	0	0	0	0.0	1.394427727063885e-06	1.0	0.262583464384079	0.9649092555046082	-1.345496229987475e-06	-0.9649092555046082	0.262583464384079	-3.661536709387292e-07
-4.4584150314331055	1.5482646226882935	6.515729904174805	0.609125018119812	0.984125018119812	0	0	0	0	0	0	0.0	6.425989340641536e-07	1.0	-0.31921857595443726	0.947681188583374	-6.089788939789287e-07	-0.947681188583374	-0.31921857595443726	2.0512952403350937e-07
-3.9959957599639893	1.4020183086395264	6.515729904174805	0.5641681551933289	0.9309510588645935	0	0	0	0	0	0	0.0	-6.7361143010202795e-06	1.0	-0.2746564745903015	0.9615424275398254	6.47705974188284e-06	-0.9615424275398254	-0.2746564745903015	-1.8501174281482236e-06
-2.744044303894043	1.5482646226882935	6.515729904174805	0.609125018119812	0.7658748626708984	0	0	0	0	0	0	0.0	1.394427727063885e-06	1.0	-4.960560318068019e-07	1.0	-1.394427727063885e-06	-1.0	-4.960560318068019e-07	6.917142639922824e-13
-3.148486852645874	0.844804048538208	6.515729904174805	0.44792652130126953	0.8108318448066711	0	0	0	0	0	0	0.0	0.0	1.0	3.4760148537316127e-07	1.0	0.0	-1.0	3.4760148537316127e-07	0.0
-2.744044303894043	0.6405810117721558	6.515729904174805	0.3908749520778656	0.7658749222755432	0	0	0	0	0	0	0.0	1.162381295216619e-06	1.0	-1.764197463671735e-07	1.0	-1.162381295216619e-06	-1.0	-1.764197463671735e-07	2.0506701534344501e-13
-4.4584150314331055	1.5482646226882935	6.515729904174805	0.612229585647583	0.0	0	0	0	0	0	0	-0.638877272605896	0.0	0.7693087458610535	-7.459287587607832e-08	1.0	-6.194612467425031e-08	-0.7693087458610535	-9.69609246226355e-08	-0.638877272605896
-4.601229667663574	0.5889392495155334	6.397128105163574	0.375	0.024259716272354126	0	0	0	0	0	0	-0.6388786435127258	0.0	0.7693076133728027	-1.2240633395776968e-08	1.0	-1.0165347674728764e-08	-0.7693076133728027	-1.5911234996224266e-08	-0.6388786435127258
-4.4584150314331055	0.6405810117721558	6.515729904174805	0.387770414352417	0.0	0	0	0	0	0	0	-0.6388788819313049	0.0	0.7693073153495789	0.0	1.0	0.0	-0.7693073153495789	0.0	-0.6388788819313049
-2.744044303894043	0.6405810117721558	6.515729904174805	0.3908749520778656	0.7658749222755432	0	0	0	0	0	0	0.638880729675293	0.0	0.7693058848381042	-2.1573822550635668e-07	1.0	1.7916279659857537e-07	-0.7693058848381042	-2.804323173677403e-07	0.638880729675293
-2.601229667663574	1.5999064445495605	6.397128105163574	0.625	0.7257402539253235	0	0	0	0	0	0	0.6388786435127258	0.0	0.7693074941635132	-2.3072587396200106e-07	1.0	1.916084926278927e-07	-0.769307553768158	-2.9991369387971645e-07	0.6388786435127258
-2.744044303894043	1.5482646226882935	6.515729904174805	0.609125018119812	0.7658748626708984	0	0	0	0	0	0	0.6388782262802124	0.0	0.7693078517913818	-2.336682030090742e-07	1.0	1.9405173645736795e-07	-0.7693079113960266	-3.037382043657999e-07	0.6388782262802124
-2.601229667663574	0.5889392495155334	6.397128105163574	0.375	0.7257402539253235	0	0	0	0	0	0	0.0	-0.9915483593940735	0.12973801791667938	1.0	1.2243491553931563e-08	9.357327712677943e-08	-9.437087555852486e-08	0.12973801791667938	0.9915483593940735
-4.4584150314331055	0.6405810117721558	6.515729904174805	0.1428518295288086	0.75	0	0	0	0	0	0	0.0	-0.916856050491333	0.39921820163726807	1.0	6.160685472877958e-08	1.414880870242996e-07	-1.5431876931870647e-07	0.39921820163726807	0.916856050491333
-4.601229667663574	0.5889392495155334	6.397128105163574	0.125	0.7257403135299683	0	0	0	0	0	0	0.0	-0.9915483593940735	0.1297377645969391	1.0	9.922000110407225e-09	7.58309965931403e-08	-7.647735600357919e-08	0.1297377645969391	0.9915483593940735
-4.601229667663574	1.5999064445495605	6.397128105163574	0.625	1.0	0	0	0	0	0	0	0.0	0.9915483593940735	0.12973815202713013	-0.11935895681381226	0.12881071865558624	-0.9844598770141602	-0.9928511381149292	-0.015485408715903759	0.11835016310214996
-2.744044303894043	1.5482646226882935	6.515729904174805	0.6091250777244568	0.7658749222755432	0	0	0	0	0	0	0.0	0.9168558716773987	0.39921852946281433	0.1139495000243187	0.39661818742752075	-0.910883903503418	-0.9934865832328796	0.045490749180316925	-0.10447526723146439
-2.601229667663574	1.5999064445495605	6.397128105163574	0.625	0.75	0	0	0	0	0	0	0.0	0.9915483593940735	0.12973789870738983	0.12621772289276123	0.12870030105113983	-0.9836184978485107	-0.9920026063919067	0.01637522131204605	-0.12515097856521606
-2.601229667663574	0.5889392495155334	5.293519020080566	0.375	0.5	0	0	0	0	0	0	0.0	-1.0	0.0	1.0	0.0	8.964131836819433e-08	-8.964131836819433e-08	0.0	1.0
-4.601229667663574	0.5889392495155334	5.293519020080566	0.125	0.5	0	0	0	0	0	0	0.0	-1.0	0.0	1.0	0.0	0.0	0.0	0.0	1.0
-3.9959957599639893	0.7868273258209229	6.515729904174805	0.43583187460899353	0.9309510588645935	0	0	0	0	0	0	0.0	-4.064535914949374e-06	1.0	0.09718342870473862	0.9952665567398071	4.04529646402807e-06	-0.9952665567398071	0.09718342870473862	3.9500554294136236e-07
-4.053972244262695	0.844804048538208	6.515729904174805	0.43583187460899353	0.9391682147979736	0	0	0	0	0	0	0.0	1.9390868999380473e-07	1.0	0.09718341380357742	0.9952664375305176	-1.9299079667689512e-07	-0.9952664375305176	0.09718341380357742	-1.8844708904453e-08
-4.108494281768799	0.7671123147010803	6.515729904174805	0.429771363735199	0.9452287554740906	0	0	0	0	0	0	0.0	-7.308241038117558e-06	1.0	0.09718342125415802	0.9952664971351624	7.273646588146221e-06	-0.9952665567398071	0.09718342870473862	7.102398171809909e-07
-4.053972244262695	1.3440415859222412	6.515729904174805	0.5520735383033752	0.9391682147979736	0	0	0	0	0	0	0.0	-2.5932054086297285e-06	1.0	0.7071053385734558	0.7071082592010498	1.8336769471716252e-06	-0.7071082592010498	0.7071053385734558	1.8336694438403356e-06
-3.9959957599639893	1.4020183086395264	6.515729904174805	0.5641681551933289	0.9391682147979736	0	0	0	0	0	0	0.0	-6.7361143010202795e-06	1.0	0.7071053385734558	0.7071082592010498	4.763161996379495e-06	-0.7071082592010498	0.7071053385734558	4.7631424422434065e-06
-4.108494281768799	1.4217333793640137	6.515729904174805	0.570228636264801	0.9452287554740906	0	0	0	0	0	0	0.0	-1.571713426073984e-07	1.0	0.707105278968811	0.7071082592010498	1.111371403794692e-07	-0.7071082592010498	0.707105278968811	1.1113668563211831e-07
-3.148486852645874	0.844804048538208	6.515729904174805	0.44792649149894714	0.8108318448066711	0	0	0	0	0	0	0.0	0.0	1.0	0.7071067690849304	0.7071067690849304	0.0	-0.7071067690849304	0.7071067690849304	0.0
-3.206463575363159	0.7868273258209229	6.515729904174805	0.43583184480667114	0.8108318448066711	0	0	0	0	0	0	0.0	2.938714715128299e-06	1.0	0.7071067690849304	0.7071067690849304	-2.077985072901356e-06	-0.7071067690849304	0.7071067690849304	-2.077985072901356e-06
-3.0939650535583496	0.7671123147010803	6.515729904174805	0.4297713339328766	0.8047713041305542	0	0	0	0	0	0	0.0	7.676354471186642e-06	1.0	0.7071067690849304	0.7071067690849304	-5.4280012591334525e-06	-0.7071068286895752	0.7071068286895752	-5.428002623375505e-06
-3.206463575363159	1.4020183086395264	6.515729904174805	0.5641681551933289	0.8190490007400513	0	0	0	0	0	0	0.0	5.9632361626427155e-06	1.0	0.4183974266052246	0.9082640409469604	-5.4161937441676855e-06	-0.9082640409469604	0.4183974266052246	-2.4950027182057966e-06
-3.148486852645874	1.3440415859222412	6.515729904174805	0.5641681551933289	0.8108318448066711	0	0	0	0	0	0	0.0	1.102685359910538e-06	1.0	0.09718001633882523	0.9952667951583862	-1.0974661108775763e-06	-0.9952667951583862	0.09718001633882523	-1.0715898213220498e-07
-3.0939650535583496	1.4217333793640137	6.515729904174805	0.570228636264801	0.8047713041305542	0	0	0	0	0	0	0.0	3.5486627893988043e-06	1.0	0.4323465824127197	0.9017075896263123	-3.199856109858956e-06	-0.9017075896263123	0.4323465824127197	-1.53425219195924e-06
-3.2949585914611816	0.8803255558013916	12.534433364868164	0.44792652130126953	0.8108318448066711	0	0	0	0	0	0	0.7843695282936096	-0.6199327111244202	0.021163402125239372	-0.02308657206594944	0.004918443039059639	0.9997214078903198	-0.6198640465736389	-0.7846395969390869	-0.01045424398034811
-3.206463575363159	0.7868273258209229	6.515729904174805	0.43583184480667114	0.8190490007400513	0	0	0	0	0	0	0.7074968218803406	-0.7063932418823242	0.02137603424489498	-0.024320894852280617	0.005892444867640734	0.9996868371963501	-0.7062979936599731	-0.7077951431274414	-0.013011228293180466
-3.148486852645874	0.844804048538208	6.515729904174805	0.44792649149894714	0.8108318448066711	0	0	0	0	0	0	0.7069451212882996	-0.7069453001022339	0.02137649431824684	-0.02432841621339321	0.00589995039626956	0.999686598777771	-0.7068498730659485	-0.7072436213493347	-0.013027917593717575
-3.907500743865967	0.8803255558013916	12.534433364868164	0.44792649149894714	0.9391682147979736	0	0	0	0	0	0	-0.7843696475028992	-0.6199327111244202	0.021163251250982285	-0.023086436092853546	-0.00491836853325367	-0.9997214078903198	0.6198639869689941	-0.7846395969390869	-0.010454216971993446
-3.9959957599639893	0.7868273258209229	6.515729904174805	0.43583187460899353	0.9309510588645935	0	0	0	0	0	0	-0.7074981927871704	-0.7063918709754944	0.021376073360443115	-0.02432088553905487	-0.005892475135624409	-0.9996868371963501	0.7062966227531433	-0.7077965140342712	-0.013011160306632519
-3.8682806491851807	0.8305990695953369	12.534433364868164	0.43583187460899353	0.9309510588645935	0	0	0	0	0	0	-0.7849957346916199	-0.6191396713256836	0.02116013690829277	1.0	0.0	0.0	0.0	0.03415673226118088	0.9994164109230042
-3.9959957599639893	1.4020183086395264	6.515729904174805	0.5641681551933289	0.9309510588645935	0	0	0	0	0	0	-0.7074982523918152	0.7063917517662048	0.021376075223088264	1.0	0.0	0.0	0.0	0.030247090384364128	-0.9995424747467041
-3.907500743865967	1.3085200786590576	12.534433364868164	0.5520735383033752	0.9391682147979736	0	0	0	0	0	0	-0.7843705415725708	0.6199315190315247	0.021163206547498703	1.0	0.0	0.0	0.0	0.03411809727549553	-0.999417781829834
-3.8682806491851807	1.3582465648651123	12.534433364868164	0.5641681551933289	0.9309510588645935	0	0	0	0	0	0	-0.7849966883659363	0.6191385388374329	0.021160095930099487	1.0	0.0	0.0	0.0	0.03415672853589058	-0.9994164705276489
-3.2949585914611816	1.3085200786590576	12.534433364868164	0.5520735383033752	0.8108318448066711	0	0	0	0	0	0	0.7843705415725708	0.6199314594268799	0.02116336300969124	1.0	0.0	0.0	0.0	0.03411835432052612	-0.9994178414344788
-3.206463575363159	1.4020183086395264	6.515729904174805	0.5641681551933289	0.8190490007400513	0	0	0	0	0	0	0.7074968218803406	0.7063932418823242	0.02137603424489498	1.0	0.0	0.0	0.0	0.03024696744978428	-0.9995424747467041
-3.3341786861419678	1.3582465648651123	12.534433364868164	0.5641681551933289	0.8190490007400513	0	0	0	0	0	0	0.7849968075752258	0.6191384792327881	0.021160254254937172	1.0	0.0	0.0	0.0	0.03415698930621147	-0.9994164705276489
-4.053972244262695	0.844804048538208	6.515729904174805	0.44792652130126953	0.9391682147979736	0	0	0	0	0	0	-0.9997040629386902	0.0	0.0243288092315197	1.0	0.0	0.0	0.0	1.0	0.0
-3.907500743865967	1.3085200786590576	12.534433364868164	0.5520735383033752	0.9391682147979736	0	0	0	0	0	0	-0.9997040033340454	0.0	0.024328796193003654	1.0	0.0	0.0	0.0	1.0	0.0
-4.053972244262695	1.3440415859222412	6.515729904174805	0.5520735383033752	0.9391682147979736	0	0	0	0	0	0	-0.9997040033340454	0.0	0.0243288055062294	1.0	0.0	0.0	0.0	1.0	0.0
-2.9964733123779297	1.4064358472824097	12.673904418945312	0.78125	1.0	0	0	0	0	0	0	-2.1687536388981243e-07	1.0	0.0	1.0	0.0	0.0	0.0	0.0	-1.0
-3.237945556640625	1.4064358472824097	12.643720626831055	0.8125	1.0	0	0	0	0	0	0	3.4887838751274103e-07	1.0	0.0	1.0	0.0	0.0	0.0	0.0	-1.0
-3.215569257736206	1.4064358472824097	12.717485427856445	0.78125	1.0	0	0	0	0	0	0	0.0	1.0	0.0	1.0	0.0	0.0	0.0	0.0	-1.0
-3.9437966346740723	1.4064358472824097	12.281509399414062	0.09375	1.0	0	0	0	0	0	0	-0.555570662021637	0.0	-0.8314693570137024	-0.8314692974090576	0.0	0.555570662021637	0.0	1.0	0.0
-3.837193727493286	0.7824097871780396	12.224529266357422	0.0625	0.5	0	0	0	0	0	0	-0.3826799988746643	0.0	-0.923880934715271	-0.9238809943199158	0.0	0.3826800584793091	0.0	1.0	0.0
-3.9437966346740723	0.7824097871780396	12.281509399414062	0.09375	0.5	0	0	0	0	0	0	-0.5555691719055176	0.0	-0.8314703106880188	-0.8314703106880188	0.0	0.5555692315101624	0.0	1.0	0.0
-4.037234783172607	1.4064358472824097	12.358192443847656	0.125	1.0	0	0	0	0	0	0	-0.7071095705032349	0.0	-0.7071040272712708	-0.707103967666626	0.0	0.7071095705032349	0.0	1.0	0.0
-4.037234783172607	0.7824097871780396	12.358192443847656	0.125	0.5	0	0	0	0	0	0	-0.7071067690849304	0.0	-0.7071067690849304	-0.7071068286895752	0.0	0.7071067690849304	0.0	1.0	0.0
-4.113917350769043	1.4064358472824097	12.451630592346191	0.15625	1.0	0	0	0	0	0	0	-0.8314704895019531	0.0	-0.5555689334869385	-0.5555689930915833	0.0	0.8314705491065979	0.0	1.0	0.0
-4.113917350769043	0.7824097871780396	12.451630592346191	0.15625	0.5	0	0	0	0	0	0	-0.8314706087112427	0.0	-0.5555686354637146	-0.5555686950683594	0.0	0.8314706683158875	0.0	1.0	0.0
-4.170897483825684	1.4064358472824097	12.558233261108398	0.1875	1.0	0	0	0	0	0	0	-0.9238789677619934	0.0	-0.38268494606018066	-0.38268494606018066	0.0	0.9238789677619934	0.0	1.0	0.0
-4.170897483825684	0.7824097871780396	12.558233261108398	0.1875	0.5	0	0	0	0	0	0	-0.923879861831665	0.0	-0.3826826810836792	-0.3826826810836792	0.0	0.923879861831665	0.0	1.0	0.0
-4.205986022949219	1.4064358472824097	12.673904418945312	0.21875	1.0	0	0	0	0	0	0	-0.9807849526405334	0.0	-0.19509205222129822	-0.19509203732013702	0.0	0.9807848930358887	0.0	1.0	0.0
-4.205986022949219	0.7824097871780396	12.673904418945312	0.21875	0.5	0	0	0	0	0	0	-0.9807850122451782	0.0	-0.19509205222129822	-0.19509202241897583	0.0	0.9807848930358887	0.0	1.0	0.0
-4.217833995819092	1.4064358472824097	12.794197082519531	0.25	1.0	0	0	0	0	0	0	-1.0	0.0	-3.9082323155525955e-07	-3.893048585723591e-07	0.0	1.0	0.0	1.0	0.0
-4.217833995819092	0.7824097871780396	12.794197082519531	0.25	0.5	0	0	0	0	0	0	-1.0	0.0	-3.979724283453834e-07	-3.967915063185501e-07	0.0	1.0	0.0	1.0	0.0
-4.205986022949219	1.4064358472824097	12.914490699768066	0.28125	1.0	0	0	0	0	0	0	-0.980785071849823	0.0	0.19509167969226837	0.19509164988994598	0.0	0.9807850122451782	0.0	1.0	0.0
-4.205986022949219	0.7824097871780396	12.914490699768066	0.28125	0.5	0	0	0	0	0	0	-0.9807850122451782	0.0	0.19509170949459076	0.19509169459342957	0.0	0.9807849526405334	0.0	1.0	0.0
-4.170897483825684	1.4064358472824097	13.03016185760498	0.3125	1.0	0	0	0	0	0	0	-0.923879861831665	0.0	0.3826826214790344	0.3826826214790344	0.0	0.9238799214363098	0.0	1.0	0.0
-4.170897483825684	0.7824097871780396	13.03016185760498	0.3125	0.5	0	0	0	0	0	0	-0.9238789081573486	0.0	0.3826849162578583	0.38268497586250305	0.0	0.9238789677619934	0.0	1.0	0.0
-4.113917350769043	1.4064358472824097	13.136764526367188	0.34375	1.0	0	0	0	0	0	0	-0.8314692974090576	0.0	0.5555708408355713	0.5555707812309265	0.0	0.8314692378044128	0.0	1.0	0.0
-4.113917350769043	0.7824097871780396	13.136764526367188	0.34375	0.5	0	0	0	0	0	0	-0.8314691185951233	0.0	0.5555709600448608	0.5555710196495056	0.0	0.8314691781997681	0.0	1.0	0.0
-4.037234783172607	1.4064358472824097	13.230201721191406	0.375	1.0	0	0	0	0	0	0	-0.7071049809455872	0.0	0.7071086168289185	0.7071086168289185	0.0	0.7071049809455872	0.0	1.0	0.0
-4.037234783172607	0.7824097871780396	13.230201721191406	0.375	0.5	0	0	0	0	0	0	-0.7071077823638916	0.0	0.707105815410614	0.707105815410614	0.0	0.7071077227592468	0.0	1.0	0.0
-3.9437966346740723	1.4064358472824097	13.306884765625	0.40625	1.0	0	0	0	0	0	0	-0.5555691719055176	0.0	0.8314703702926636	0.8314703106880188	0.0	0.5555691719055176	0.0	1.0	0.0
-3.9437966346740723	0.7824097871780396	13.306884765625	0.40625	0.5	0	0	0	0	0	0	-0.5555706024169922	0.0	0.8314693570137024	0.8314694166183472	0.0	0.5555706024169922	0.0	1.0	0.0
-3.837193727493286	1.4064358472824097	13.36386489868164	0.4375	1.0	0	0	0	0	0	0	-0.3826799988746643	0.0	0.9238810539245605	0.9238809943199158	0.0	0.38267990946769714	0.0	1.0	0.0
-3.837193727493286	0.7824097871780396	13.36386489868164	0.4375	0.5	0	0	0	0	0	0	-0.3826792538166046	0.0	0.9238812327384949	0.9238812327384949	0.0	0.3826793134212494	0.0	1.0	0.0
-3.7215230464935303	1.4064358472824097	13.39895248413086	0.46875	1.0	0	0	0	0	0	0	-0.19509033858776093	0.0	0.9807852506637573	0.9807852506637573	0.0	0.19509032368659973	0.0	1.0	0.0
-3.7215230464935303	0.7824097871780396	13.39895248413086	0.46875	0.5	0	0	0	0	0	0	-0.19508932530879974	0.0	0.9807854890823364	0.9807854890823364	0.0	0.19508931040763855	0.0	1.0	0.0
-3.601229667663574	1.4064358472824097	13.41080093383789	0.5	1.0	0	0	0	0	0	0	2.859683334577312e-08	0.0	1.0	1.0	0.0	-2.994653414134518e-08	0.0	1.0	0.0
-3.601229667663574	0.7824097871780396	13.41080093383789	0.5	0.5	0	0	0	0	0	0	2.85968368984868e-08	0.0	1.0	1.0	0.0	-2.994653769405886e-08	0.0	1.0	0.0
-3.480936050415039	1.4064358472824097	13.39895248413086	0.53125	1.0	0	0	0	0	0	0	0.1950903981924057	0.0	0.9807852506637573	0.9807852506637573	0.0	-0.1950903981924057	0.0	1.0	0.0
-3.480936050415039	0.7824097871780396	13.39895248413086	0.53125	0.5	0	0	0	0	0	0	0.1950893998146057	0.0	0.9807855486869812	0.9807854890823364	0.0	-0.1950893998146057	0.0	1.0	0.0
-3.365265369415283	1.4064358472824097	13.36386489868164	0.5625	1.0	0	0	0	0	0	0	0.38268131017684937	0.0	0.9238805174827576	0.9238805174827576	0.0	-0.38268131017684937	0.0	1.0	0.0
-3.365265369415283	0.7824097871780396	13.36386489868164	0.5625	0.5	0	0	0	0	0	0	0.3826793134212494	0.0	0.9238812923431396	0.9238812327384949	0.0	-0.3826793134212494	0.0	1.0	0.0
-3.258662700653076	1.4064358472824097	13.306884765625	0.59375	1.0	0	0	0	0	0	0	0.5555717349052429	0.0	0.8314685821533203	0.8314685821533203	0.0	-0.5555717945098877	0.0	1.0	0.0
-3.258662700653076	0.7824097871780396	13.306884765625	0.59375	0.5	0	0	0	0	0	0	0.5555698871612549	0.0	0.8314698338508606	0.8314698934555054	0.0	-0.5555699467658997	0.0	1.0	0.0
-3.165224552154541	1.4064358472824097	13.230201721191406	0.625	1.0	0	0	0	0	0	0	0.7071061134338379	0.0	0.7071074843406677	0.7071074843406677	0.0	-0.7071061134338379	0.0	1.0	0.0
-3.165224552154541	0.7824097871780396	13.230201721191406	0.625	0.5	0	0	0	0	0	0	0.7071062922477722	0.0	0.7071073055267334	0.7071073055267334	0.0	-0.7071062922477722	0.0	1.0	0.0
-3.0885419845581055	1.4064358472824097	13.136764526367188	0.65625	1.0	0	0	0	0	0	0	0.8314690589904785	0.0	0.5555711388587952	0.5555710792541504	0.0	-0.8314691185951233	0.0	1.0	0.0
-3.0885419845581055	0.7824097871780396	13.136764526367188	0.65625	0.5	0	0	0	0	0	0	0.8314696550369263	0.0	0.5555702447891235	0.5555702447891235	0.0	-0.831469714641571	0.0	1.0	0.0
-3.0315616130828857	1.4064358472824097	13.030160903930664	0.6875	1.0	0	0	0	0	0	0	0.9238802194595337	0.0	0.38268178701400757	0.3826817572116852	0.0	-0.9238802194595337	0.0	1.0	0.0
-3.0315616130828857	0.7824097871780396	13.030160903930664	0.6875	0.5	0	0	0	0	0	0	0.9238798022270203	0.0	0.38268303871154785	0.38268300890922546	0.0	-0.9238798022270203	0.0	1.0	0.0
-2.9964733123779297	1.4064358472824097	12.914490699768066	0.71875	1.0	0	0	0	0	0	0	0.9807856678962708	0.0	0.1950884312391281	0.1950884461402893	0.0	-0.9807856678962708	0.0	1.0	0.0
-2.9964733123779297	0.7824097871780396	12.914490699768066	0.71875	0.5	0	0	0	0	0	0	0.9807848930358887	0.0	0.19509248435497284	0.19509246945381165	0.0	-0.9807848334312439	0.0	1.0	0.0
-2.9846255779266357	1.4064358472824097	12.794197082519531	0.75	1.0	0	0	0	0	0	0	1.0	0.0	-3.150417114738957e-06	-3.1518716241407674e-06	0.0	-1.0	0.0	1.0	0.0
-2.9846255779266357	0.7824097871780396	12.794197082519531	0.75	0.5	0	0	0	0	0	0	1.0	0.0	2.3723450794932432e-06	2.373262077526306e-06	0.0	-1.0	0.0	1.0	0.0
-2.9964733123779297	1.4064358472824097	12.673904418945312	0.78125	1.0	0	0	0	0	0	0	0.9807850122451782	0.0	-0.19509170949459076	-0.19509170949459076	0.0	-0.9807850122451782	0.0	1.0	0.0
-2.9964733123779297	0.7824097871780396	12.673904418945312	0.78125	0.5	0	0	0	0	0	0	0.9807855486869812	0.0	-0.19508904218673706	-0.19508905708789825	0.0	-0.980785608291626	0.0	1.0	0.0
-3.031561851501465	1.4064358472824097	12.558233261108398	0.8125	1.0	0	0	0	0	0	0	0.9238799214363098	0.0	-0.3826825022697449	-0.3826824724674225	0.0	-0.923879861831665	0.0	1.0	0.0
-3.031561851501465	0.7824097871780396	12.558233261108398	0.8125	0.5	0	0	0	0	0	0	0.9238795042037964	0.0	-0.3826836943626404	-0.38268372416496277	0.0	-0.9238795042037964	0.0	1.0	0.0
-3.0885419845581055	1.4064358472824097	12.451630592346191	0.84375	1.0	0	0	0	0	0	0	0.8314706683158875	0.0	-0.5555687546730042	-0.5555687546730042	0.0	-0.8314706087112427	0.0	1.0	0.0
-3.0885419845581055	0.7824097871780396	12.451630592346191	0.84375	0.5	0	0	0	0	0	0	0.8314694166183472	0.0	-0.5555705428123474	-0.5555705428123474	0.0	-0.8314694166183472	0.0	1.0	0.0
-3.165224552154541	1.4064358472824097	12.358192443847656	0.875	1.0	0	0	0	0	0	0	0.7071079611778259	0.0	-0.7071055769920349	-0.7071056365966797	0.0	-0.7071079611778259	0.0	1.0	0.0
-3.165224552154541	0.7824097871780396	12.358192443847656	0.875	0.5	0	0	0	0	0	0	0.7071079611778259	0.0	-0.7071056365966797	-0.7071056365966797	0.0	-0.7071079611778259	0.0	1.0	0.0
-3.258662700653076	1.4064358472824097	12.281509399414062	0.90625	1.0	0	0	0	0	0	0	0.5555698871612549	0.0	-0.8314698338508606	-0.8314698934555054	0.0	-0.5555699467658997	0.0	1.0	0.0
-3.258662700653076	0.7824097871780396	12.281509399414062	0.90625	0.5	0	0	0	0	0	0	0.5555717349052429	0.0	-0.8314687013626099	-0.8314686417579651	0.0	-0.5555716753005981	0.0	1.0	0.0
-3.480936050415039	0.7824097871780396	13.39895248413086	0.796821653842926	0.01461152732372284	0	0	0	0	0	0	4.0503948639525333e-08	-1.0	0.0	1.0	4.0503945086811655e-08	1.3364026472117985e-06	-1.3364026472117985e-06	-5.412958628417744e-14	1.0
-4.205986022949219	0.7824097871780396	12.914490699768066	0.514611542224884	0.2031783163547516	0	0	0	0	0	0	1.0227804381202077e-07	-1.0	0.0	1.0	1.0227806512830284e-07	-1.0130892178494832e-06	1.0130892178494832e-06	1.036167882723614e-13	1.0
-3.7215230464935303	0.7824097871780396	12.189441680908203	0.703178346157074	0.48538845777511597	0	0	0	0	0	0	-1.2679769234580363e-08	-1.0	0.0	1.0	-1.2679771010937202e-08	1.1068578942285967e-06	-1.1068578942285967e-06	1.4034703202392158e-14	1.0
-3.365265369415283	1.4064358472824097	12.224529266357422	0.9375	1.0	0	0	0	0	0	0	0.3826793134212494	0.0	-0.9238812923431396	-0.9238812327384949	0.0	-0.382679283618927	0.0	1.0	0.0
-3.365265369415283	0.7824097871780396	12.224529266357422	0.9375	0.5	0	0	0	0	0	0	0.382681280374527	0.0	-0.9238804578781128	-0.9238805174827576	0.0	-0.38268131017684937	0.0	1.0	0.0
-3.7215230464935303	1.4064358472824097	12.189441680908203	0.03125	1.0	0	0	0	0	0	0	-0.19508929550647736	0.0	-0.9807855486869812	-0.9807854890823364	0.0	0.19508928060531616	0.0	1.0	0.0
-3.601229667663574	0.7824097871780396	12.177593231201172	0.0	0.5	0	0	0	0	0	0	3.276720761391516e-08	0.0	-1.0	-1.0	0.0	-2.994653769405886e-08	0.0	1.0	0.0
-3.7215230464935303	0.7824097871780396	12.189441680908203	0.03125	0.5	0	0	0	0	0	0	-0.1950903832912445	0.0	-0.9807852506637573	-0.9807852506637573	0.0	0.1950904130935669	0.0	1.0	0.0
-3.480936050415039	1.4064358472824097	12.189441680908203	0.96875	1.0	0	0	0	0	0	0	0.19508938491344452	0.0	-0.9807855486869812	-0.9807854890823364	0.0	-0.19508937001228333	0.0	1.0	0.0
-3.480936050415039	0.7824097871780396	12.189441680908203	0.96875	0.5	0	0	0	0	0	0	0.19509045779705048	0.0	-0.9807852506637573	-0.9807852506637573	0.0	-0.19509044289588928	0.0	1.0	0.0
-3.601229667663574	1.4064358472824097	12.177593231201172	1.0	1.0	0	0	0	0	0	0	2.85968368984868e-08	0.0	-1.0	-1.0	0.0	-2.994653769405886e-08	0.0	1.0	0.0
-3.601229667663574	0.7824097871780396	12.177593231201172	1.0	0.5	0	0	0	0	0	0	3.276720761391516e-08	0.0	-1.0	-1.0	0.0	-2.994653414134518e-08	0.0	1.0	0.0
-3.837193727493286	1.4064358472824097	12.224529266357422	0.0625	1.0	0	0	0	0	0	0	-0.382679283618927	0.0	-0.9238813519477844	-0.9238813519477844	0.0	0.382679283618927	0.0	1.0	0.0
-3.9281766414642334	1.4064358472824097	13.012657165527344	0.34375	1.0	0	0	0	0	0	0	-0.8314667344093323	0.0	0.5555746555328369	1.0	0.0	0.0	0.0	1.0	0.0
-3.9645137786865234	1.4829787015914917	12.94467544555664	0.3125	1.0	0	0	0	0	0	0	-0.9238791465759277	0.0	0.3826846182346344	1.0	0.0	0.0	0.0	1.0	0.0
-3.9645137786865234	1.4064358472824097	12.94467544555664	0.3125	1.0	0	0	0	0	0	0	-0.9238808751106262	0.0	0.38268032670021057	1.0	0.0	0.0	0.0	0.9999999403953552	0.0
-3.165224552154541	1.4064358472824097	13.230201721191406	0.625	1.0	0	0	0	0	0	0	2.443988762479421e-07	1.0	0.0	1.0	0.0	0.0	0.0	0.0	-1.0
-3.382770538330078	1.4064358472824097	13.121145248413086	0.59375	1.0	0	0	0	0	0	0	-1.0653086235379305e-07	1.0	0.0	1.0	0.0	0.0	0.0	0.0	-1.0
-3.258662700653076	1.4064358472824097	13.306884765625	0.59375	1.0	0	0	0	0	0	0	1.1090492080256809e-06	1.0	0.0	1.0	0.0	0.0	0.0	0.0	-1.0
-4.205986022949219	1.4064358472824097	12.673904418945312	0.21875	1.0	0	0	0	0	0	0	2.168752502029747e-07	1.0	0.0	1.0	0.0	0.0	0.0	0.0	-1.0
-3.9645137786865234	1.4064358472824097	12.643720626831055	0.1875	1.0	0	0	0	0	0	0	-3.488781032956467e-07	1.0	0.0	1.0	0.0	0.0	0.0	0.0	-1.0
-4.170897483825684	1.4064358472824097	12.558233261108398	0.1875	1.0	0	0	0	0	0	0	1.82571397999709e-07	1.0	0.0	1.0	0.0	0.0	0.0	0.0	-1.0
-2.9846255779266357	1.4064358472824097	12.794197082519531	0.75	1.0	0	0	0	0	0	0	2.1688249773887947e-07	1.0	0.0	1.0	0.0	0.0	0.0	0.0	-1.0
-3.215569257736206	1.4064358472824097	12.87091064453125	0.71875	1.0	0	0	0	0	0	0	1.6859175730812859e-12	1.0	0.0	1.0	0.0	0.0	0.0	0.0	-1.0
-2.9964733123779297	1.4064358472824097	12.914490699768066	0.71875	1.0	0	0	0	0	0	0	6.2725302382715675e-12	1.0	0.0	1.0	0.0	0.0	0.0	0.0	-1.0
-3.480936050415039	1.4064358472824097	13.39895248413086	0.53125	1.0	0	0	0	0	0	0	-1.4202659315287747e-07	1.0	0.0	1.0	0.0	0.0	0.0	0.0	-1.0
-3.4507524967193604	1.4064358472824097	13.157482147216797	0.5625	1.0	0	0	0	0	0	0	-1.252324068445887e-06	1.0	0.0	1.0	0.0	0.0	0.0	0.0	-1.0
-3.524517059326172	1.4064358472824097	13.17985725402832	0.53125	1.0	0	0	0	0	0	0	-6.521653972413333e-07	1.0	0.0	1.0	0.0	0.0	0.0	0.0	-1.0
-4.113917350769043	1.4064358472824097	13.136764526367188	0.34375	1.0	0	0	0	0	0	0	-5.545289241126738e-07	1.0	0.0	1.0	0.0	0.0	0.0	0.0	-1.0
-3.9645137786865234	1.4064358472824097	12.94467544555664	0.3125	1.0	0	0	0	0	0	0	0.0	1.0	0.0	1.0	0.0	0.0	0.0	0.0	-1.0
-4.170897483825684	1.4064358472824097	13.03016185760498	0.3125	1.0	0	0	0	0	0	0	2.1687564810690674e-07	1.0	0.0	1.0	0.0	0.0	0.0	0.0	-1.0
-3.837193727493286	1.4064358472824097	12.224529266357422	0.0625	1.0	0	0	0	0	0	0	-5.361263220038381e-07	1.0	0.0	1.0	0.0	0.0	0.0	0.0	-1.0
-3.6779422760009766	1.4064358472824097	12.408536911010742	0.03125	1.0	0	0	0	0	0	0	4.5012114924247726e-07	1.0	0.0	1.0	0.0	0.0	0.0	0.0	-1.0
-3.7215230464935303	1.4064358472824097	12.189441680908203	0.03125	1.0	0	0	0	0	0	0	0.0	1.0	0.0	1.0	0.0	0.0	0.0	0.0	-1.0
-3.7215230464935303	1.4064358472824097	13.39895248413086	0.46875	1.0	0	0	0	0	0	0	1.4202842635313573e-07	1.0	0.0	1.0	0.0	0.0	0.0	0.0	-1.0
-3.601229667663574	1.4064358472824097	13.187414169311523	0.5	1.0	0	0	0	0	0	0	1.975398794193395e-12	1.0	0.0	1.0	0.0	0.0	0.0	0.0	-1.0
-3.6779422760009766	1.4064358472824097	13.17985725402832	0.46875	1.0	0	0	0	0	0	0	6.521751743093773e-07	1.0	0.0	1.0	0.0	0.0	0.0	0.0	-1.0
-3.365265369415283	1.4064358472824097	12.224529266357422	0.9375	1.0	0	0	0	0	0	0	5.361266062209324e-07	1.0	0.0	1.0	0.0	0.0	0.0	0.0	-1.0
-3.524517059326172	1.4064358472824097	12.408536911010742	0.96875	1.0	0	0	0	0	0	0	-4.501207229168358e-07	1.0	0.0	1.0	0.0	0.0	0.0	0.0	-1.0
-3.4507524967193604	1.4064358472824097	12.430913925170898	0.9375	1.0	0	0	0	0	0	0	-1.5217024156299885e-06	1.0	0.0	1.0	0.0	0.0	0.0	0.0	-1.0
-3.9281766414642334	1.4064358472824097	12.575738906860352	0.15625	1.0	0	0	0	0	0	0	1.346937494872691e-07	1.0	0.0	1.0	0.0	0.0	0.0	0.0	-1.0
-4.113917350769043	1.4064358472824097	12.451630592346191	0.15625	1.0	0	0	0	0	0	0	9.468354278396873e-08	1.0	0.0	1.0	0.0	0.0	0.0	0.0	-1.0
-3.9437966346740723	1.4064358472824097	13.306884765625	0.40625	1.0	0	0	0	0	0	0	-4.734170033771079e-08	1.0	0.0	1.0	0.0	0.0	0.0	0.0	-1.0
-3.751706838607788	1.4064358472824097	13.157482147216797	0.4375	1.0	0	0	0	0	0	0	4.501322337091551e-07	1.0	0.0	1.0	0.0	0.0	0.0	0.0	-1.0
-3.8196887969970703	1.4064358472824097	13.12114429473877	0.40625	1.0	0	0	0	0	0	0	-2.1738296140938473e-07	1.0	0.0	1.0	0.0	0.0	0.0	0.0	-1.0
-3.165224552154541	1.4064358472824097	12.358192443847656	0.875	1.0	0	0	0	0	0	0	0.0	1.0	0.0	1.0	0.0	0.0	0.0	0.0	-1.0
-3.382770538330078	1.4064358472824097	12.46725082397461	0.90625	1.0	0	0	0	0	0	0	-1.0653326398823992e-07	1.0	0.0	1.0	0.0	0.0	0.0	0.0	-1.0
-3.323184013366699	1.4064358472824097	12.516152381896973	0.875	1.0	0	0	0	0	0	0	-3.000800461450126e-07	1.0	0.0	1.0	0.0	0.0	0.0	0.0	-1.0
-3.9868898391723633	1.4064358472824097	12.87091064453125	0.28125	1.0	0	0	0	0	0	0	-3.4887420952145476e-07	1.0	0.0	1.0	0.0	0.0	0.0	0.0	-1.0
-4.205986022949219	1.4064358472824097	12.914490699768066	0.28125	1.0	0	0	0	0	0	0	1.8257019007705821e-07	1.0	0.0	1.0	0.0	0.0	0.0	0.0	-1.0
-4.037234783172607	1.4064358472824097	13.230201721191406	0.375	1.0	0	0	0	0	0	0	-2.4439918888674583e-07	1.0	0.0	1.0	0.0	0.0	0.0	0.0	-1.0
-3.9281766414642334	1.4064358472824097	13.012657165527344	0.34375	1.0	0	0	0	0	0	0	4.28377603611807e-07	1.0	0.0	1.0	0.0	0.0	0.0	0.0	-1.0
-3.601229667663574	1.4064358472824097	12.177593231201172	0.0	1.0	0	0	0	0	0	0	0.0	1.0	0.0	1.0	0.0	0.0	0.0	0.0	-1.0
-3.601229667663574	1.4064358472824097	12.400981903076172	0.0	1.0	0	0	0	0	0	0	0.0	1.0	0.0	1.0	0.0	0.0	0.0	0.0	-1.0
-3.031561851501465	1.4064358472824097	12.558233261108398	0.8125	1.0	0	0	0	0	0	0	-1.82571397999709e-07	1.0	0.0	1.0	0.0	0.0	0.0	0.0	-1.0
-3.274282693862915	1.4064358472824097	12.575738906860352	0.84375	1.0	0	0	0	0	0	0	-1.346937636981238e-07	1.0	0.0	1.0	0.0	0.0	0.0	0.0	-1.0
-3.274282455444336	1.4064358472824097	13.012657165527344	0.65625	1.0	0	0	0	0	0	0	-4.283767793822335e-07	1.0	0.0	1.0	0.0	0.0	0.0	0.0	-1.0
-3.323184013366699	1.4064358472824097	13.072242736816406	0.625	1.0	0	0	0	0	0	0	-8.695589599483355e-07	1.0	0.0	1.0	0.0	0.0	0.0	0.0	-1.0
-3.879275321960449	1.4064358472824097	12.516152381896973	0.125	1.0	0	0	0	0	0	0	3.000800461450126e-07	1.0	0.0	1.0	0.0	0.0	0.0	0.0	-1.0
-4.037234783172607	1.4064358472824097	12.358192443847656	0.125	1.0	0	0	0	0	0	0	0.0	1.0	0.0	1.0	0.0	0.0	0.0	0.0	-1.0
-3.2080137729644775	1.4064358472824097	12.794197082519531	0.75	1.0	0	0	0	0	0	0	0.0	1.0	0.0	1.0	0.0	0.0	0.0	0.0	-1.0
-3.365265369415283	1.4064358472824097	13.36386489868164	0.5625	1.0	0	0	0	0	0	0	7.255009677464841e-07	1.0	0.0	1.0	0.0	0.0	0.0	0.0	-1.0
-3.994445562362671	1.4064358472824097	12.794197082519531	0.25	1.0	0	0	0	0	0	0	-3.0007672080500924e-07	1.0	0.0	1.0	0.0	0.0	0.0	0.0	-1.0
-4.217833995819092	1.4064358472824097	12.794197082519531	0.25	1.0	0	0	0	0	0	0	0.0	1.0	0.0	1.0	0.0	0.0	0.0	0.0	-1.0
-3.0315616130828857	1.4064358472824097	13.030160903930664	0.6875	1.0	0	0	0	0	0	0	-2.1687998241759487e-07	1.0	0.0	1.0	0.0	0.0	0.0	0.0	-1.0
-3.237945556640625	1.4064358472824097	12.94467544555664	0.6875	1.0	0	0	0	0	0	0	0.0	1.0	0.0	1.0	0.0	0.0	0.0	0.0	-1.0
-3.601229667663574	1.4064358472824097	13.41080093383789	0.5	1.0	0	0	0	0	0	0	0.0	1.0	0.0	1.0	0.0	0.0	0.0	0.0	-1.0
-3.8196887969970703	1.4064358472824097	12.46725082397461	0.09375	1.0	0	0	0	0	0	0	1.0653224080670043e-07	1.0	0.0	1.0	0.0	0.0	0.0	0.0	-1.0
-3.9437966346740723	1.4064358472824097	12.281509399414062	0.09375	1.0	0	0	0	0	0	0	-1.109042614189093e-06	1.0	0.0	1.0	0.0	0.0	0.0	0.0	-1.0
-3.837193727493286	1.4064358472824097	13.36386489868164	0.4375	1.0	0	0	0	0	0	0	0.0	1.0	0.0	1.0	0.0	0.0	0.0	0.0	-1.0
-3.258662700653076	1.4064358472824097	12.281509399414062	0.90625	1.0	0	0	0	0	0	0	1.1090430689364439e-06	1.0	0.0	1.0	0.0	0.0	0.0	0.0	-1.0
-3.9868898391723633	1.4064358472824097	12.717485427856445	0.21875	1.0	0	0	0	0	0	0	0.0	1.0	0.0	1.0	0.0	0.0	0.0	0.0	-1.0
-3.601229667663574	1.4064358472824097	12.177593231201172	1.0	1.0	0	0	0	0	0	0	0.0	1.0	0.0	1.0	0.0	0.0	0.0	0.0	-1.0
-3.480936050415039	1.4064358472824097	12.189441680908203	0.96875	1.0	0	0	0	0	0	0	0.0	1.0	0.0	1.0	0.0	0.0	0.0	0.0	-1.0
-3.87927508354187	1.4064358472824097	13.072242736816406	0.375	1.0	0	0	0	0	0	0	8.695565156813245e-07	1.0	0.0	1.0	0.0	0.0	0.0	0.0	-1.0
-3.0885419845581055	1.4064358472824097	12.451630592346191	0.84375	1.0	0	0	0	0	0	0	-9.468354278396873e-08	1.0	0.0	1.0	0.0	0.0	0.0	0.0	-1.0
-3.0885419845581055	1.4064358472824097	13.136764526367188	0.65625	1.0	0	0	0	0	0	0	5.545294925468625e-07	1.0	0.0	1.0	0.0	0.0	0.0	0.0	-1.0
-3.751706838607788	1.4064358472824097	12.430913925170898	0.0625	1.0	0	0	0	0	0	0	1.5217023019431508e-06	1.0	0.0	1.0	0.0	0.0	0.0	0.0	-1.0
-3.64953351020813	1.4829787015914917	12.91081428527832	0.22051773965358734	0.17882312834262848	0	0	0	0	0	0	0.38268086314201355	0.0	-0.9238805770874023	1.0	0.0	0.0	0.0	-1.0	0.0
-3.671356201171875	1.4049105644226074	12.899148941040039	0.20719821751117706	0.1859428584575653	0	0	0	0	0	0	0.5555821657180786	0.0	-0.8314616084098816	1.0	0.0	0.0	0.0	-1.0	0.0
-3.671356201171875	1.4829787015914917	12.899148941040039	0.20719821751117706	0.1859428584575653	0	0	0	0	0	0	0.5555822849273682	0.0	-0.8314616680145264	1.0	0.0	0.0	0.0	-1.0	0.0
-3.601229667663574	1.4064358472824097	13.187414169311523	0.5	1.0	0	0	0	0	0	0	2.5260573011109955e-07	0.0	1.0	1.0	0.0	0.0	0.0	1.0	0.0
-3.6779422760009766	1.4829787015914917	13.17985725402832	0.46875	1.0	0	0	0	0	0	0	-0.1950913518667221	0.0	0.980785071849823	1.0	0.0	0.0	0.0	0.9999999403953552	0.0
-3.6779422760009766	1.4064358472824097	13.17985725402832	0.46875	1.0	0	0	0	0	0	0	-0.19509188830852509	0.0	0.9807850122451782	1.0	0.0	0.0	0.0	1.0	0.0
-3.9868898391723633	1.4829787015914917	12.87091064453125	0.28125	1.0	0	0	0	0	0	0	-0.9807846546173096	0.0	0.19509348273277283	1.0	0.0	0.0	0.0	0.9999999403953552	0.0
-3.9868898391723633	1.4064358472824097	12.87091064453125	0.28125	1.0	0	0	0	0	0	0	-0.980786144733429	0.0	0.1950862854719162	1.0	0.0	0.0	0.0	1.0	0.0
-3.274282693862915	1.4064358472824097	12.575738906860352	0.84375	1.0	0	0	0	0	0	0	0.8314710855484009	0.0	-0.5555680394172668	1.0	0.0	0.0	0.0	-1.0	0.0
-3.237945556640625	1.4829787015914917	12.643720626831055	0.8125	1.0	0	0	0	0	0	0	0.9238791465759277	0.0	-0.3826846182346344	1.0	0.0	0.0	0.0	-1.0	0.0
-3.237945556640625	1.4064358472824097	12.643720626831055	0.8125	1.0	0	0	0	0	0	0	0.9238795042037964	0.0	-0.3826836347579956	1.0	0.0	0.0	0.0	-1.0	0.0
