5909	5302	37
-1.7855291366577148	24.85929298400879	0.429307222366333	0.6805160045623779	0.5003688931465149	1.0	23	0.0	0	0.0	0	0.5999991297721863	0.743010401725769	0.2965410649776459	0.7999308109283447	-0.5621071457862854	-0.21011027693748474	0.010573730804026127	0.3632782995700836	-0.931620717048645
-0.39862561225891113	23.881946563720703	0.4293052554130554	0.6625021696090698	0.48768192529678345	1.0	23	0.0	0	0.0	0	-0.2761378586292267	-0.493512898683548	0.824738085269928	0.9607962965965271	-0.16394439339637756	0.22359046339988708	0.024866409599781036	0.8541470766067505	0.5194366574287415
-0.36521539092063904	25.771141052246094	0.4293071925640106	0.6625024080276489	0.5128448009490967	1.0	23	0.0	0	0.0	0	-0.8249518871307373	0.46231919527053833	0.32513904571533203	0.5649368762969971	0.6568207144737244	0.49943265318870544	0.017339229583740234	0.595690906047821	-0.803026556968689
-1.7791335582733154	24.849342346191406	-0.43233686685562134	0.6334750652313232	0.5001726150512695	1.0	23	0.0	0	0.0	0	0.5965859293937683	0.741725504398346	-0.30647775530815125	-0.8025407195091248	0.5531319975852966	-0.22354748845100403	0.0037117754109203815	0.37932613492012024	0.9252555966377258
-0.3986220955848694	23.881948471069336	-0.43233978748321533	0.6514467000961304	0.48768186569213867	1.0	23	0.0	0	0.0	0	-0.27562224864959717	-0.49202054738998413	-0.8258015513420105	-0.9612294435501099	0.1485678255558014	0.23230500519275665	0.008388705551624298	0.8578131794929504	-0.5138932466506958
-0.9364107847213745	23.53668785095215	-0.4323370158672333	0.6446421146392822	0.48293328285217285	1.0	23	0.0	0	0.0	0	0.6573350429534912	-0.6202254891395569	-0.4280548393726349	-0.7535777688026428	-0.53676837682724	-0.3794737756252289	0.005593016743659973	0.5720140337944031	-0.8202248215675354
-1.7791335582733154	24.849342346191406	-0.43233686685562134	0.651199460029602	0.5351893901824951	1.0	23	0.0	0	0.0	0	0.5965859293937683	0.741725504398346	-0.30647775530815125	-0.18142107129096985	-0.24735412001609802	-0.9517889618873596	-0.7817746996879578	0.6234254837036133	-0.013003349304199219
-0.36521539092063904	25.771141052246094	0.4293071925640106	0.6625024080276489	0.5128448009490967	1.0	23	0.0	0	0.0	0	-0.8249518871307373	0.46231919527053833	0.32513904571533203	-0.2869749963283539	0.15297934412956238	-0.9456441402435303	-0.48692893981933594	-0.8734176158905029	0.006473451852798462
-0.35881921648979187	25.761188507080078	-0.43234023451805115	0.6514464616775513	0.5127137899398804	1.0	23	0.0	0	0.0	0	-0.8215768337249756	0.45674964785575867	-0.34116172790527344	0.2948337495326996	-0.1717735230922699	-0.9399824142456055	-0.48793917894363403	-0.8728537559509277	0.006459936499595642
-0.39862561225891113	23.881946563720703	0.4293052554130554	0.6625021696090698	0.48768192529678345	1.0	23	0.0	0	0.0	0	-0.2761378586292267	-0.493512898683548	0.824738085269928	-0.4108566343784332	-0.7151347994804382	-0.5654901266098022	0.8688755035400391	-0.49500229954719543	-0.005287259351462126
-0.9364107847213745	23.53668785095215	-0.4323370158672333	0.6514468193054199	0.4791710376739502	1.0	23	0.0	0	0.0	0	0.6573350429534912	-0.6202254891395569	-0.4280548393726349	-0.3197092115879059	0.2848491966724396	-0.9036852121353149	0.6824196577072144	0.7308770418167114	-0.011050447821617126
-0.3986220955848694	23.881948471069336	-0.43233978748321533	0.6514467000961304	0.48768186569213867	1.0	23	0.0	0	0.0	0	-0.27562224864959717	-0.49202054738998413	-0.8258015513420105	0.3951556086540222	0.7251412868499756	-0.5639345049858093	0.8762901425361633	-0.48175299167633057	-0.0054403990507125854
-0.35881921648979187	25.761188507080078	-0.43234023451805115	0.6514464616775513	0.5127137899398804	1.0	23	0.0	0	0.0	0	-0.8215768337249756	0.45674964785575867	-0.34116172790527344	0.29432645440101624	-0.17268060147762299	-0.9399752616882324	-0.4882453382015228	-0.8726747035980225	0.007436871528625488
-0.39862561225891113	23.881946563720703	0.4293052554130554	0.6625021696090698	0.48768192529678345	1.0	23	0.0	0	0.0	0	-0.2761378586292267	-0.493512898683548	0.824738085269928	-0.39369437098503113	-0.7247286438941956	-0.5654848217964172	0.8767853379249573	-0.4808465242385864	0.005831762682646513
-0.36521539092063904	25.771141052246094	0.4293071925640106	0.6625024080276489	0.5128448009490967	1.0	23	0.0	0	0.0	0	-0.8249518871307373	0.46231919527053833	0.32513904571533203	-0.28697526454925537	0.15297889709472656	-0.9456441402435303	-0.486928790807724	-0.8734176754951477	0.006473943591117859
-33.11897659301758	2.9630870819091797	0.42933154106140137	0.34541261196136475	0.7094818353652954	1.0	23	0.0	0	0.0	0	0.4916878640651703	-0.6805869936943054	0.5431799292564392	-0.3180941641330719	0.44029608368873596	0.8396163582801819	-0.8105919361114502	-0.5856115221977234	-2.5182964691339293e-06
-33.7717170715332	2.4563770294189453	-0.4185619652271271	0.3572930693626404	0.7215946912765503	1.0	23	0.0	0	0.0	0	-0.6050424575805664	-0.6179182529449463	-0.5020962953567505	-0.4062710404396057	-0.3027395009994507	0.8621442914009094	-0.6847390532493591	0.7256210446357727	-0.06787202507257462
-33.11896896362305	2.963092803955078	-0.4323135018348694	0.3575323820114136	0.7095314860343933	1.0	23	0.0	0	0.0	0	0.47384586930274963	-0.6849365234375	-0.5534727573394775	0.3148844242095947	-0.4551700949668884	0.832867443561554	-0.8223855495452881	-0.5689306855201721	-4.619360424840124e-06
-33.11897659301758	2.9630870819091797	0.42933154106140137	0.34176453948020935	0.7330801486968994	1.0	23	0.0	0	0.0	0	0.4916878640651703	-0.6805869936943054	0.5431799292564392	0.5786711573600769	-0.21073873341083527	-0.787863552570343	0.6506786942481995	0.7017054557800293	0.2902183532714844
-31.913068771362305	4.931882858276367	0.786129355430603	0.3439565896987915	0.7667235732078552	1.0	23	0.0	0	0.0	0	-0.5693790912628174	0.4771345555782318	0.6694401502609253	0.5433705449104309	-0.392648309469223	0.7420079112052917	0.6168921589851379	0.7862378358840942	-0.03569512069225311
-33.771724700927734	2.4563732147216797	0.4430868625640869	0.34517329931259155	0.7215451002120972	1.0	23	0.0	0	0.0	0	-0.5993185639381409	-0.6131787300109863	0.5146154761314392	0.416016548871994	0.31065717339515686	0.8546475768089294	-0.683920681476593	0.7262946963310242	0.0689098909497261
-33.11896896362305	2.963092803955078	-0.4323135018348694	0.36064425110816956	0.7331477999687195	1.0	23	0.0	0	0.0	0	0.47384586930274963	-0.6849365234375	-0.5534727573394775	-0.6028327345848083	0.20585444569587708	-0.7708544135093689	0.6419212222099304	0.6989176869392395	-0.31535887718200684
-31.907175064086914	4.920583724975586	-0.8300699591636658	0.3585546016693115	0.7667235732078552	1.0	23	0.0	0	0.0	0	-0.5678966641426086	0.4698680639266968	-0.6758086681365967	-0.5499650835990906	0.39426711201667786	0.7362688779830933	0.6123983860015869	0.7897958159446716	0.03450804948806763
-31.622314453125	4.47685432434082	-0.8305127024650574	0.36543959379196167	0.7638612985610962	1.0	23	0.0	0	0.0	0	0.11034944653511047	-0.3208668828010559	-0.9406739473342896	-0.8265395164489746	0.49598464369773865	-0.2661423981189728	0.5519561171531677	0.8068728446960449	-0.21047751605510712
-1.7791335582733154	24.849342346191406	-0.43233686685562134	0.6447238922119141	0.4555780291557312	1.0	23	0.0	0	0.0	0	0.5965859293937683	0.741725504398346	-0.30647775530815125	0.19188453257083893	0.23897486925125122	0.9518778324127197	0.7792724967002869	-0.6266852021217346	0.00024338069488294423
-1.5623258352279663	24.507774353027344	-2.9236693382263184	0.6652200222015381	0.4614570736885071	1.0	23	0.0	0	0.0	0	0.7308955788612366	-0.03494318947196007	-0.6815942525863647	0.6808812022209167	-0.031185772269964218	0.7317296862602234	-0.04682501032948494	-0.9989025592803955	0.000998617964796722
-2.087308645248413	25.32550811767578	-2.922858238220215	0.6652202606201172	0.44728338718414307	1.0	23	0.0	0	0.0	0	0.21173611283302307	0.7422781586647034	-0.6357601881027222	0.17449362576007843	0.6113452911376953	0.7718866467475891	0.9616235494613647	-0.2743723690509796	-7.893145084381104e-05
-1.7855291366577148	24.85929298400879	0.429307222366333	0.6326158046722412	0.45540523529052734	1.0	23	0.0	0	0.0	0	0.5999991297721863	0.743010401725769	0.2965410649776459	-0.18650448322296143	-0.23054878413677216	0.9550201296806335	0.7779569625854492	-0.6283174157142639	0.0002456903166603297
-1.560455322265625	24.512725830078125	2.960916042327881	0.6121209859848022	0.461455762386322	1.0	23	0.0	0	0.0	0	0.7319036722183228	-0.037077877670526505	0.6803985834121704	-0.6794562339782715	0.03581436350941658	0.732841432094574	-0.05154024437069893	-0.9986703395843506	0.001019868883304298
-0.9364150762557983	23.536685943603516	0.4293085038661957	0.6326156854629517	0.4783288836479187	1.0	23	0.0	0	0.0	0	0.6582651734352112	-0.6203556656837463	0.42643386125564575	-0.3095901608467102	0.2932588458061218	0.9045182466506958	-0.6861785054206848	-0.7274326086044312	0.0009860694408416748
-16.153413772583008	13.811172485351562	0.4293208718299866	0.887039303779602	0.760336697101593	1.0	23	0.0	0	0.0	0	0.5239058136940002	-0.8270490169525146	0.20374667644500732	0.16910667717456818	-0.13344690203666687	-0.9765218496322632	0.8348208069801331	0.5460603833198547	0.06994590163230896
-0.9364107847213745	23.53668785095215	-0.4323370158672333	0.8700973987579346	0.9751352071762085	1.0	23	0.0	0	0.0	0	0.6573350429534912	-0.6202254891395569	-0.4280548393726349	-0.284878671169281	0.3213544189929962	-0.9030921459197998	0.6976780891418457	0.7155778408050537	0.03454850614070892
-0.9364150762557983	23.536685943603516	0.4293085038661957	0.8800104856491089	0.9754863381385803	1.0	23	0.0	0	0.0	0	0.6582651734352112	-0.6203556656837463	0.42643386125564575	0.29756563901901245	-0.3059116303920746	-0.9043632745742798	0.6914779543876648	0.7222028374671936	-0.01677444763481617
-33.11896896362305	2.963092803955078	-0.4323135018348694	0.9076400995254517	0.5209661722183228	1.0	23	0.0	0	0.0	0	0.47384586930274963	-0.6849365234375	-0.5534727573394775	-0.18224477767944336	0.5386311411857605	-0.822595477104187	0.8615434169769287	0.4906509816646576	0.13040201365947723
-16.153423309326172	13.811168670654297	-0.432326078414917	0.8771882057189941	0.7594865560531616	1.0	23	0.0	0	0.0	0	0.524194061756134	-0.8270540237426758	-0.2029838263988495	-0.036968689411878586	0.2160315215587616	-0.9756863117218018	0.8507960438728333	0.5189529657363892	0.08266732841730118
-0.9364107847213745	23.53668785095215	-0.4323370158672333	0.9906673431396484	0.9747923016548157	1.0	23	0.0	0	0.0	0	0.6573350429534912	-0.6202254891395569	-0.4280548393726349	-0.2636823058128357	0.3428148925304413	-0.9016371965408325	0.7059620022773743	0.7055482268333435	0.06180175393819809
-16.59246826171875	14.491931915283203	-2.3271994590759277	0.9659550189971924	0.7611352801322937	1.0	23	0.0	0	0.0	0	0.2609892785549164	-0.4812406897544861	-0.8368344902992249	-0.5239870548248291	0.6574364900588989	-0.5414931774139404	0.8107540607452393	0.5798143744468689	-0.08058001101016998
-1.5623258352279663	24.507774353027344	-2.9236693382263184	0.9693119525909424	0.9757778644561768	1.0	23	0.0	0	0.0	0	0.7308955788612366	-0.03494318947196007	-0.6815942525863647	-0.47318288683891296	0.6937404870986938	-0.5429751873016357	0.4918228089809418	0.7193769216537476	0.4905173182487488
-16.153423309326172	13.811168670654297	-0.432326078414917	0.9811537265777588	0.7595236897468567	1.0	23	0.0	0	0.0	0	0.524194061756134	-0.8270540237426758	-0.2029838263988495	-0.16841694712638855	0.13296884298324585	-0.9767062664031982	0.8347792625427246	0.5461694598197937	-0.06958843022584915
-31.622314453125	4.47685432434082	-0.8305127024650574	0.9440310001373291	0.547391951084137	1.0	23	0.0	0	0.0	0	0.11034944653511047	-0.3208668828010559	-0.9406739473342896	-0.6060789823532104	0.7283906936645508	-0.31955480575561523	0.7877126932144165	0.605385422706604	-0.11409316211938858
-31.621814727783203	4.478208541870117	0.7856752872467041	0.9197978973388672	0.5476338863372803	1.0	23	0.0	0	0.0	0	0.10365820676088333	-0.29876473546028137	0.9486804604530334	0.5980803966522217	-0.7433858513832092	-0.29946163296699524	0.794704258441925	0.5984288454055786	0.10162729024887085
-33.11897659301758	2.9630870819091797	0.42933154106140137	0.917473316192627	0.5223186016082764	1.0	23	0.0	0	0.0	0	0.4916878640651703	-0.6805869936943054	0.5431799292564392	0.4304485619068146	-0.3522756099700928	-0.8310331106185913	0.7569392323493958	0.6424198746681213	0.11974804103374481
-16.590984344482422	14.495847702026367	2.323460578918457	0.9022334814071655	0.7616835832595825	1.0	23	0.0	0	0.0	0	0.2598174214363098	-0.48233726620674133	0.8365676999092102	0.509787917137146	-0.6672496199607849	-0.5430417060852051	0.8201287388801575	0.5675638318061829	0.07252664119005203
-17.304948806762695	15.607939720153809	2.324564218521118	0.9171844720840454	0.7626440525054932	1.0	23	0.0	0	0.0	0	-0.44145435094833374	0.5532384514808655	0.7064314484596252	0.4145972430706024	-0.5724501609802246	0.7073965668678284	0.7957558631896973	0.605167806148529	0.023339467123150826
-1.560455322265625	24.512725830078125	2.960916042327881	0.901378870010376	0.976205587387085	1.0	23	0.0	0	0.0	0	0.7319036722183228	-0.037077877670526505	0.6803985834121704	0.46750184893608093	-0.6991227865219116	-0.5409892201423645	0.4957408905029297	0.71403968334198	-0.49435657262802124
-2.091826915740967	25.340412139892578	2.961737632751465	0.9127234220504761	0.9764551520347595	1.0	23	0.0	0	0.0	0	0.2101408839225769	0.7435988187789917	0.6347453594207764	0.4267714023590088	-0.6538886427879333	0.6247365474700928	0.8796061277389526	0.1396084725856781	-0.4547554552555084
-31.913068771362305	4.931882858276367	0.786129355430603	0.9260170459747314	0.548304557800293	1.0	23	0.0	0	0.0	0	-0.5693790912628174	0.4771345555782318	0.6694401502609253	0.41358721256256104	-0.5375064611434937	0.7348690629005432	0.7104597687721252	0.6952909827232361	0.1087082028388977
-17.300039291381836	15.594071388244629	-2.326105833053589	0.9511352777481079	0.7623436450958252	1.0	23	0.0	0	0.0	0	-0.43912920355796814	0.5529215335845947	-0.7081266641616821	-0.4296804368495941	0.5629483461380005	0.7060198187828064	0.7890123128890991	0.6143020987510681	-0.009627492167055607
-2.087308645248413	25.32550811767578	-2.922858238220215	0.9581155776977539	0.9761655926704407	1.0	23	0.0	0	0.0	0	0.21173611283302307	0.7422781586647034	-0.6357601881027222	-0.43436291813850403	0.6542036533355713	0.6191498041152954	0.8754979372024536	0.14505425095558167	0.460936576128006
-31.907175064086914	4.920583724975586	-0.8300699591636658	0.9379750490188599	0.5481666922569275	1.0	23	0.0	0	0.0	0	-0.5678966641426086	0.4698680639266968	-0.6758086681365967	-0.4327220320701599	0.5280026793479919	0.7307289838790894	0.7001749873161316	0.7074158787727356	-0.09652870893478394
-0.8317856788635254	24.11505889892578	-0.7015160918235779	0.5375757217407227	0.8306974172592163	1.0	23	0.0	0	0.0	0	-0.841505229473114	-0.5402491092681885	1.7659266404734808e-06	-1.734567922540009e-05	2.374932955717668e-05	-1.0	0.5402490496635437	-0.8415051698684692	-2.93561679427512e-05
-0.35352253913879395	23.723613739013672	0.6984826922416687	0.5313717126846313	0.8161115050315857	1.0	23	0.0	0	0.0	0	-0.36324557662010193	-0.9316934943199158	9.159346063825069e-07	-2.6836085453396663e-05	9.479676918999758e-06	-1.0	0.9316934943199158	-0.36324557662010193	-2.844645678123925e-05
-0.831782341003418	24.11505889892578	0.6984845995903015	0.5375754833221436	0.8161113858222961	1.0	23	0.0	0	0.0	0	-0.8415060639381409	-0.5402476191520691	1.243871338374447e-06	-1.4365698007168248e-05	2.0074036001460627e-05	-1.0	0.5402476191520691	-0.8415060639381409	-2.4653458240209147e-05
0.26348620653152466	23.68804359436035	-0.701513946056366	0.5251681804656982	0.8306975364685059	1.0	23	0.0	0	0.0	0	0.25376731157302856	-0.967265248298645	9.904548505801358e-07	-2.504760959709529e-05	-7.5953512350679375e-06	-1.0	0.967265248298645	0.25376731157302856	-2.6155134037253447e-05
0.2634861171245575	23.68804359436035	0.6984843611717224	0.5251679420471191	0.8161115050315857	1.0	23	0.0	0	0.0	0	0.2537662982940674	-0.9672655463218689	-1.980582364780048e-09	-2.822494752763305e-05	-7.402889423246961e-06	-1.0	0.9672655463218689	0.2537662982940674	-2.917962228821125e-05
0.7835655212402344	24.021936416625977	0.6984840035438538	0.5189642906188965	0.8161116242408752	1.0	23	0.0	0	0.0	0	0.7738458514213562	-0.6333739757537842	5.107308993501647e-07	-1.0759463293652516e-05	-1.39521007440635e-05	-1.0	0.6333739757537842	0.7738458514213562	-1.7611539078643546e-05
0.7835655808448792	24.021934509277344	-0.7015157341957092	0.5189642906188965	0.8306976556777954	1.0	23	0.0	0	0.0	0	0.7738445997238159	-0.6333754658699036	9.235147899744334e-07	-1.1035589523089584e-05	-1.494112984801177e-05	-1.0	0.6333754658699036	0.7738445997238159	-1.8551783796283416e-05
1.0080633163452148	24.597753524780273	-0.7015156149864197	0.5127606391906738	0.8306976556777954	1.0	23	0.0	0	0.0	0	0.9983424544334412	-0.05755440890789032	3.705362985328975e-07	-8.106303539534565e-08	-7.844140782253817e-06	-1.0	0.05755440890789032	0.9983424544334412	-7.835804353817366e-06
1.0080623626708984	24.597753524780273	0.6984845995903015	0.5127605199813843	0.8161118030548096	1.0	23	0.0	0	0.0	0	0.9983422160148621	-0.05755693465471268	6.518947088807181e-07	3.173277605128533e-07	-5.821939339512028e-06	-1.0	0.05755693465471268	0.9983422160148621	-5.7940233091358095e-06
0.8512241244316101	25.195560455322266	0.6984824538230896	0.5065567493438721	0.8161118030548096	1.0	23	0.0	0	0.0	0	0.841503918170929	0.5402508974075317	1.0094159108575695e-07	-1.5795498029547161e-06	2.6471755063539604e-06	-1.0	-0.5402508974075317	0.841503918170929	3.0809615054749884e-06
0.372963011264801	25.587003707885742	-0.7015158534049988	0.5003530979156494	0.8306975364685059	1.0	23	0.0	0	0.0	0	0.3632434606552124	0.9316942691802979	-1.896308248205969e-07	-8.735648407309782e-06	3.2022694540501107e-06	-1.0	-0.9316942691802979	0.3632434606552124	9.302157195634209e-06
0.37296393513679504	25.58700180053711	0.6984815001487732	0.5003533363342285	0.8161118030548096	1.0	23	0.0	0	0.0	0	0.3632412254810333	0.9316951632499695	5.1603728934424e-07	-1.640595291974023e-05	6.950080660317326e-06	-1.0	-0.9316951632499695	0.3632412254810333	1.7809901692089625e-05
-0.24404746294021606	25.622573852539062	-0.7015160918235779	0.4941495954990387	0.8306974172592163	1.0	23	0.0	0	0.0	0	-0.25376778841018677	0.9672651886940002	1.7159189269477793e-07	-1.8474233002052642e-05	-4.6694262891833205e-06	-1.0	-0.9672651886940002	-0.25376778841018677	1.9054432414122857e-05
-0.24404755234718323	25.622573852539062	0.6984836459159851	0.494149774312973	0.8161118030548096	1.0	23	0.0	0	0.0	0	-0.2537649869918823	0.9672659039497375	-3.4235853263453464e-08	-2.53550497291144e-05	-6.687364020763198e-06	-1.0	-0.9672659039497375	-0.2537649869918823	2.6222094675176777e-05
-0.7641251087188721	25.288681030273438	0.6984840035438538	0.4879462718963623	0.8161118030548096	1.0	23	0.0	0	0.0	0	-0.7738471627235413	0.6333723664283752	-1.8521457434417243e-07	-1.4723258573212661e-05	-1.8281134543940425e-05	-1.0	-0.6333723664283752	-0.773847222328186	2.347211011510808e-05
-0.9886218309402466	24.712862014770508	0.698483407497406	0.4817427098751068	0.8161116242408752	1.0	23	0.0	0	0.0	0	-0.9983425140380859	0.05755169317126274	6.588873446844445e-08	-1.7426381191398832e-06	-2.9084487323416397e-05	-1.0	-0.05755169317126274	-0.9983425140380859	2.913657226599753e-05
-0.7641258239746094	25.288679122924805	-0.7015162110328674	0.48794594407081604	0.8306973576545715	1.0	23	0.0	0	0.0	0	-0.7738481163978577	0.6333712339401245	-7.260439929268614e-07	-1.593056549609173e-05	-2.0610159481293522e-05	-1.0	-0.6333712339401245	-0.7738481760025024	2.6039095246233046e-05
-0.988621711730957	24.712860107421875	-0.7015144228935242	0.48174238204956055	0.8306971192359924	1.0	23	0.0	0	0.0	0	-0.9983424544334412	0.05755296349525452	5.40575683771749e-07	-2.3778598006174434e-06	-3.185488822055049e-05	-1.0	-0.05755296349525452	-0.9983424544334412	3.193894008290954e-05
-0.831782341003418	24.11505889892578	0.6984845995903015	0.47553926706314087	0.8161113858222961	1.0	23	0.0	0	0.0	0	-0.8415060639381409	-0.5402476191520691	1.243871338374447e-06	1.6219022654695436e-05	-2.756565299932845e-05	-1.0	0.5402476191520691	-0.8415060639381409	3.195895260432735e-05
-0.8317856788635254	24.11505889892578	-0.7015160918235779	0.47553887963294983	0.8306968808174133	1.0	23	0.0	0	0.0	0	-0.841505229473114	-0.5402491092681885	1.7659266404734808e-06	1.359748603135813e-05	-2.4448507247143425e-05	-1.0	0.5402491092681885	-0.841505229473114	2.791957558656577e-05
-2.407329797744751	25.82783317565918	-0.0015381836565211415	0.6386704444885254	0.43861812353134155	1.0	23	0.0	0	0.0	0	0.15311962366104126	0.9882027506828308	-0.003123456845059991	0.0006004232564009726	0.0030676955357193947	0.9999951124191284	0.9882075190544128	-0.153120756149292	-0.00012361552217043936
-2.091826915740967	25.340412139892578	2.961737632751465	0.6121209859848022	0.44711005687713623	1.0	23	0.0	0	0.0	0	0.2101408839225769	0.7435988187789917	0.6347453594207764	-0.17250937223434448	-0.6108536720275879	0.7727213501930237	0.9623311758041382	-0.2718798816204071	-8.757412433624268e-05
-2.407329797744751	25.82783317565918	-0.0015381836565211415	0.9354026317596436	0.9764549136161804	1.0	23	0.0	0	0.0	0	0.15311962366104126	0.9882027506828308	-0.003123456845059991	-0.004481821320950985	0.0038551397155970335	0.9999825358390808	0.9881975054740906	-0.15310296416282654	0.00501924566924572
-0.6198511123657227	1.5210657119750977	0.011908531188964844	0.4730777144432068	0.7233567237854004	1.0	22	0.0	0	0.0	0	-0.9082521796226501	-0.4182967245578766	0.010289717465639114	1.0	0.0	0.0	0.0	0.02459164895117283	0.9996976256370544
-0.181732177734375	2.744875907897949	0.48610401153564453	0.4607323706150055	0.7301154136657715	1.0	22	0.0	0	0.0	0	-0.3120943605899811	0.6267675757408142	0.7139744162559509	1.0	0.0	0.0	0.0	0.7515116333961487	-0.6597198843955994
-0.6198921203613281	2.7448768615722656	0.012012481689453125	0.4607328176498413	0.7233563661575317	1.0	22	0.0	0	0.0	0	-0.8125289678573608	0.5828489065170288	0.009160082787275314	1.0	0.0	0.0	0.0	0.01571410894393921	-0.9998764395713806
1.2790584564208984	0.7022416591644287	0.4847393035888672	0.4813472330570221	0.7453948259353638	1.0	22	0.0	0	0.0	0	0.20573857426643372	-0.6254457831382751	0.7526547908782959	1.0	0.0	0.0	0.0	0.7691083550453186	0.639118492603302
1.7678718566894531	2.7448692321777344	0.012012481689453125	0.46095260977745056	0.7531381845474243	1.0	22	0.0	0	0.0	0	0.8235352039337158	0.5672651529312134	-8.767301187617704e-05	1.0	0.0	0.0	0.0	-0.00015455385437235236	-1.0
1.4427289962768555	2.744875192642212	0.48610401153564453	0.4607437551021576	0.7471233010292053	1.0	22	0.0	0	0.0	0	0.38695117831230164	0.6008222103118896	0.6994866132736206	1.0	0.0	0.0	0.0	0.7585797905921936	-0.6515801548957825
-0.29474830627441406	3.1470894813537598	0.48610401153564453	0.2951631247997284	0.012185545638203621	1.0	22	0.0	0	0.0	0	-0.373552143573761	-0.6111463904380798	0.6978244185447693	1.0	0.0	0.0	0.0	0.7522827982902527	0.6588404178619385
-0.11009597778320312	23.033409118652344	0.011913299560546875	0.03125247359275818	0.004267008975148201	1.0	22	0.0	0	0.0	0	-0.7934145927429199	0.6086753606796265	0.00273708812892437	1.0	0.0	0.0	0.0	0.0044967494904994965	-0.999989926815033
-0.6198911666870117	3.147087574005127	0.012013435363769531	0.2951087951660156	0.004267008975148201	1.0	22	0.0	0	0.0	0	-0.8077906370162964	-0.5894688963890076	-0.0009527221554890275	1.0	0.0	0.0	0.0	-0.0016162360552698374	0.9999986886978149
-0.6198511123657227	1.5210657119750977	0.011908531188964844	0.4386022686958313	0.7231932878494263	1.0	22	0.0	0	0.0	0	-0.9082521796226501	-0.4182967245578766	0.010289717465639114	1.0	0.0	0.0	0.0	0.02459164895117283	0.9996976256370544
-0.181732177734375	2.744873523712158	-0.4839925765991211	0.4509465992450714	0.730122447013855	1.0	22	0.0	0	0.0	0	-0.32093992829322815	0.6255136132240295	-0.7111471891403198	1.0	0.0	0.0	0.0	-0.7508684396743774	-0.6604517698287964
-0.181732177734375	1.4282240867614746	-0.4854159355163574	0.4376651644706726	0.7301323413848877	1.0	22	0.0	0	0.0	0	-0.4559098780155182	-0.44913622736930847	-0.7683897614479065	1.0	0.0	0.0	0.0	-0.8633341789245605	0.5046327710151672
1.2699508666992188	0.7097887992858887	-0.4854154586791992	0.4304286241531372	0.745336651802063	1.0	22	0.0	0	0.0	0	0.20924818515777588	-0.6258929371833801	-0.7513144016265869	1.0	0.0	0.0	0.0	-0.7683230638504028	0.6400622725486755
1.7678718566894531	2.7448692321777344	0.012012481689453125	0.4507647454738617	0.7532589435577393	1.0	22	0.0	0	0.0	0	0.8235352039337158	0.5672651529312134	-8.767301187617704e-05	1.0	0.0	0.0	0.0	-0.00015455385437235236	-1.0
1.5311040878295898	0.49301576614379883	0.011908531188964844	0.4280174970626831	0.7511224746704102	1.0	22	0.0	0	0.0	0	0.5495304465293884	-0.8354684114456177	0.0030041777063161135	1.0	0.0	0.0	0.0	0.003595777088776231	0.9999935030937195
-0.11009597778320312	23.033409118652344	0.011913299560546875	0.02425968647003174	0.09663268178701401	1.0	22	0.0	0	0.0	0	-0.7934145927429199	0.6086753606796265	0.00273708812892437	1.0	0.0	0.0	0.0	0.0044967494904994965	-0.999989926815033
-0.27797508239746094	3.1470861434936523	-0.4839920997619629	0.2881621718406677	0.08833970874547958	1.0	22	0.0	0	0.0	0	-0.3726617693901062	-0.6113705039024353	-0.6981041431427002	1.0	0.0	0.0	0.0	-0.7522939443588257	0.6588276624679565
-0.6198911666870117	3.147087574005127	0.012013435363769531	0.2881152629852295	0.09663268178701401	1.0	22	0.0	0	0.0	0	-0.8077906370162964	-0.5894688963890076	-0.0009527221554890275	1.0	0.0	0.0	0.0	-0.0016162360552698374	0.9999986886978149
1.3112192153930664	2.744868755340576	0.012447357177734375	0.6073862314224243	0.7210613489151001	1.0	22	0.0	0	0.0	0	0.9999924898147583	9.624983476896887e-07	-0.0038876859471201897	1.0	0.0	0.0	0.0	-0.9999999403953552	-0.0002475761575624347
1.1184978485107422	3.1470797061920166	-0.31015825271606445	0.6027431488037109	0.7255631685256958	1.0	22	0.0	0	0.0	0	0.493534117937088	-2.4312583946084487e-07	-0.8697264194488525	1.0	0.0	0.0	0.0	-1.0	2.7954288839282526e-07
1.31121826171875	3.147080421447754	0.012447357177734375	0.6027432680130005	0.7210608124732971	1.0	22	0.0	0	0.0	0	0.9999924898147583	2.112911943186191e-06	-0.003878562245517969	1.0	0.0	0.0	0.0	-0.9999998211860657	-0.0005447667208500206
-0.163238525390625	2.744877338409424	0.012447357177734375	0.6073853969573975	0.7431118488311768	1.0	22	0.0	0	0.0	0	-0.9999924898147583	5.8278633474628805e-08	-0.0038841147907078266	1.0	0.0	0.0	0.0	-1.0	-1.5004354281700216e-05
0.029481887817382812	3.1470870971679688	-0.31015920639038086	0.6027430295944214	0.738609790802002	1.0	22	0.0	0	0.0	0	-0.49353569746017456	-1.9811152469628723e-06	-0.8697255849838257	1.0	0.0	0.0	0.0	-0.9999999403953552	2.277862449773238e-06
0.029480934143066406	2.7448740005493164	-0.31015777587890625	0.6073853969573975	0.7386099100112915	1.0	22	0.0	0	0.0	0	-0.4935344159603119	-8.239745739047066e-07	-0.8697263598442078	1.0	0.0	0.0	0.0	-1.0	9.473951649852097e-07
1.134873390197754	2.744874954223633	0.31291770935058594	0.6073868274688721	0.7168871164321899	1.0	22	0.0	0	0.0	0	0.4969112277030945	2.3319939828070346e-06	0.8678014278411865	1.0	0.0	0.0	0.0	0.9999999403953552	-2.6872437501879176e-06
1.134873390197754	3.147087574005127	0.31291675567626953	0.6027437448501587	0.7168863415718079	1.0	22	0.0	0	0.0	0	0.4969058930873871	1.5167311175900977e-06	0.8678045272827148	1.0	0.0	0.0	0.0	1.0	-1.7477796063758433e-06
-0.163238525390625	2.744877338409424	0.012447357177734375	0.6073904037475586	0.6992709636688232	1.0	22	0.0	0	0.0	0	-0.9999924898147583	5.8278633474628805e-08	-0.0038841147907078266	1.0	0.0	0.0	0.0	-1.0	-1.5004354281700216e-05
0.013106346130371094	3.1470890045166016	0.31291770935058594	0.6027461290359497	0.7034446597099304	1.0	22	0.0	0	0.0	0	-0.49690940976142883	0.0	0.8678024411201477	1.0	0.0	0.0	0.0	1.0	0.0
-0.163238525390625	3.1470885276794434	0.012447357177734375	0.6027469635009766	0.6992698907852173	1.0	22	0.0	0	0.0	0	-0.9999924898147583	0.0	-0.003882147604599595	1.0	0.0	0.0	0.0	-1.0	0.0
1.4259567260742188	2.7448673248291016	-0.4839906692504883	0.45095810294151306	0.7469548583030701	1.0	22	0.0	0	0.0	0	0.38523975014686584	0.6021828651428223	-0.6992611885070801	1.0	0.0	0.0	0.0	-0.757746696472168	-0.6525488495826721
-0.181732177734375	1.4282243251800537	0.4847393035888672	0.47401389479637146	0.7301058769226074	1.0	22	0.0	0	0.0	0	-0.44781723618507385	-0.44965097308158875	0.7728347778320312	1.0	0.0	0.0	0.0	0.8643475770950317	0.502894937992096
0.22930335998535156	23.033409118652344	-0.4854140281677246	0.024307340383529663	0.08833970874547958	1.0	22	0.0	0	0.0	0	-0.5867948532104492	0.7176473140716553	-0.3750390112400055	1.0	0.0	0.0	0.0	-0.46316221356391907	-0.8862735033035278
0.5739889144897461	3.147082567214966	-0.4839920997619629	0.28810471296310425	0.07766123861074448	1.0	22	0.0	0	0.0	0	-0.039600670337677	-0.7395988702774048	-0.671881914138794	1.0	0.0	0.0	0.0	-0.6724093556404114	0.7401794791221619
0.21747589111328125	23.033414840698242	0.4847431182861328	0.0313061848282814	0.012185545638203621	1.0	22	0.0	0	0.0	0	-0.5834135413169861	0.716759979724884	0.38194727897644043	1.0	0.0	0.0	0.0	0.47027692198753357	-0.8825188875198364
0.5739889144897461	3.147087574005127	0.4861030578613281	0.29511576890945435	0.023021163418889046	1.0	22	0.0	0	0.0	0	-0.039627980440855026	-0.7395732402801514	0.6719085574150085	1.0	0.0	0.0	0.0	0.6724367141723633	0.7401545643806458
0.5739860534667969	23.033411026000977	1.0930395126342773	0.03118535317480564	0.023021163418889046	1.0	22	0.0	0	0.0	0	-0.9331480264663696	-0.20605799555778503	-0.29457569122314453	1.0	0.0	0.0	0.0	-0.8194213509559631	0.5731916427612305
0.21747589111328125	23.033414840698242	0.4847431182861328	0.5628937482833862	0.19603723287582397	1.0	22	0.0	0	0.0	0	-0.5834135413169861	0.716759979724884	0.38194727897644043	1.0	0.0	0.0	0.0	0.47027692198753357	-0.8825188875198364
0.5739870071411133	23.03340721130371	0.011912345886230469	0.5594176054000854	0.1984444260597229	1.0	22	0.0	0	0.0	0	4.257140062691178e-06	1.0	-2.461307758494513e-06	1.0	0.0	0.0	0.0	-2.461307758494513e-06	-1.0
-0.11009597778320312	23.033409118652344	0.011913299560546875	0.5595468282699585	0.19337081909179688	1.0	22	0.0	0	0.0	0	-0.7934145927429199	0.6086753606796265	0.00273708812892437	1.0	0.0	0.0	0.0	0.0044967494904994965	-0.999989926815033
1.4402580261230469	23.033411026000977	1.1468143463134766	0.5666661262512207	0.20547479391098022	1.0	22	0.0	0	0.0	0	-0.6264099478721619	0.24708645045757294	-0.7392961978912354	1.0	0.0	0.0	0.0	-0.9484311938285828	-0.3169832229614258
0.5739860534667969	23.033411026000977	1.0930395126342773	0.5669255256652832	0.19914603233337402	1.0	22	0.0	0	0.0	0	-0.9331480264663696	-0.20605799555778503	-0.29457569122314453	1.0	0.0	0.0	0.0	-0.8194213509559631	0.5731916427612305
0.22930335998535156	23.033409118652344	-0.4854140281677246	0.5558091402053833	0.19586396217346191	1.0	22	0.0	0	0.0	0	-0.5867948532104492	0.7176473140716553	-0.3750390112400055	1.0	0.0	0.0	0.0	-0.46316221356391907	-0.8862735033035278
0.5739860534667969	23.03341293334961	-1.0936908721923828	0.5513044595718384	0.1987074613571167	1.0	22	0.0	0	0.0	0	-0.9315183162689209	-0.20860175788402557	0.29792436957359314	1.0	0.0	0.0	0.0	0.8191612362861633	0.573563277721405
1.4284305572509766	23.033403396606445	-1.1474637985229492	0.5521214008331299	0.20607632398605347	1.0	22	0.0	0	0.0	0	-0.6232351660728455	0.24910905957221985	0.7412979006767273	1.0	0.0	0.0	0.0	0.9479095339775085	-0.3185397684574127
0.5739898681640625	2.74487566947937	0.31291770935058594	0.6073881387710571	0.7101665735244751	1.0	22	0.0	0	0.0	0	5.134510843163298e-07	4.708847995971155e-07	1.0	1.0	0.0	0.0	0.0	1.0	-4.708847995971155e-07
0.5739898681640625	3.1470887660980225	0.31291770935058594	0.6027448177337646	0.7101656198501587	1.0	22	0.0	0	0.0	0	8.501530714966066e-07	0.0	1.0	1.0	0.0	0.0	0.0	1.0	0.0
0.013106346130371094	2.7448763847351074	0.31291770935058594	0.6073895692825317	0.7034457325935364	1.0	22	0.0	0	0.0	0	-0.49690890312194824	0.0	0.8678027391433716	1.0	0.0	0.0	0.0	1.0	0.0
0.5739889144897461	2.744870901107788	-0.31015825271606445	0.607385516166687	0.7320866584777832	1.0	22	0.0	0	0.0	0	-5.210282552070566e-07	6.912207481946098e-07	-1.0	1.0	0.0	0.0	0.0	-1.0	-6.912207481946098e-07
1.1184968948364258	2.7448673248291016	-0.31015777587890625	0.6073858737945557	0.7255634069442749	1.0	22	0.0	0	0.0	0	0.49353376030921936	-2.165040086765657e-06	-0.8697266578674316	1.0	0.0	0.0	0.0	-1.0	2.4893340651033213e-06
0.5739908218383789	3.147083044052124	-0.31015777587890625	0.6027430295944214	0.7320865392684937	1.0	22	0.0	0	0.0	0	-1.663435256205048e-07	1.8001905743858515e-07	-1.0	1.0	0.0	0.0	0.0	-1.0	-1.8001905743858515e-07
0.5739889144897461	4.434131622314453	0.7251701354980469	0.27810800075531006	0.02763831801712513	1.0	22	0.0	0	0.0	0	-0.8597845435142517	-0.14283819496631622	0.4902733564376831	1.0	0.0	0.0	0.0	0.9600832462310791	0.2797144949436188
0.5739850997924805	23.033409118652344	1.505415916442871	0.03107527829706669	0.02763831801712513	1.0	22	0.0	0	0.0	0	-0.5701642632484436	-0.30163833498954773	0.7641512155532837	1.0	0.0	0.0	0.0	0.930155336856842	0.3671661913394928
0.5739860534667969	23.03341293334961	-1.0936908721923828	0.024177998304367065	0.07766123861074448	1.0	22	0.0	0	0.0	0	-0.9315183162689209	-0.20860175788402557	0.29792436957359314	1.0	0.0	0.0	0.0	0.8191612362861633	0.573563277721405
0.5739889144897461	4.43402624130249	-0.7230548858642578	0.27111202478408813	0.07304810732603073	1.0	22	0.0	0	0.0	0	-0.8626514673233032	-0.14262846112251282	-0.48527270555496216	1.0	0.0	0.0	0.0	-0.9594183564186096	0.2819865047931671
1.4427270889282227	3.147087335586548	0.4861030578613281	0.29764553904533386	0.03224936127662659	1.0	22	0.0	0	0.0	0	0.26773643493652344	-0.8055103421211243	0.5286496877670288	1.0	0.0	0.0	0.0	0.5486807823181152	0.8360319137573242
1.4259557723999023	3.1470789909362793	-0.4839916229248047	0.2905884385108948	0.0685819610953331	1.0	22	0.0	0	0.0	0	0.26765933632850647	-0.8059852123260498	-0.5279643535614014	1.0	0.0	0.0	0.0	-0.5479573011398315	0.8365063071250916
1.9306551218032837	4.476321220397949	-1.8257806301116943	0.27046865224838257	0.05448748916387558	1.0	22	0.0	0	0.0	0	-0.31113681197166443	-0.3838750422000885	-0.869387149810791	1.0	0.0	0.0	0.0	-0.9147927165031433	0.40392372012138367
1.4259557723999023	3.1470789909362793	-0.4839916229248047	0.49937137961387634	0.5714104771614075	1.0	22	0.0	0	0.0	0	0.26765933632850647	-0.8059852123260498	-0.5279643535614014	1.0	0.0	0.0	0.0	-0.5479573011398315	0.8365063071250916
2.1918487548828125	4.434075355529785	0.02563762664794922	0.4911072850227356	0.5918999314308167	1.0	22	0.0	0	0.0	0	0.899118185043335	-0.4376996159553528	-0.0023923178669065237	1.0	0.0	0.0	0.0	-0.005465580150485039	0.9999850988388062
1.7678718566894531	3.1470813751220703	0.012012481689453125	0.4913448393344879	0.5728747844696045	1.0	22	0.0	0	0.0	0	0.698080837726593	-0.7160079479217529	-0.003979862201958895	1.0	0.0	0.0	0.0	-0.005558318458497524	0.9999845027923584
1.4427270889282227	3.147087335586548	0.4861030578613281	0.48369699716567993	0.5714104771614075	1.0	22	0.0	0	0.0	0	0.26773643493652344	-0.8055103421211243	0.5286496877670288	1.0	0.0	0.0	0.0	0.5486807823181152	0.8360319137573242
1.9471431970596313	4.476430416107178	1.8154094219207764	0.4659782648086548	0.590082585811615	1.0	22	0.0	0	0.0	0	-0.2999294102191925	-0.383623331785202	0.8734274506568909	1.0	0.0	0.0	0.0	0.9155794382095337	0.4021371603012085
1.9471431970596313	4.476430416107178	1.8154094219207764	0.27749720215797424	0.04617604613304138	1.0	22	0.0	0	0.0	0	-0.2999294102191925	-0.383623331785202	0.8734274506568909	1.0	0.0	0.0	0.0	0.9155794382095337	0.4021371603012085
1.9500834941864014	24.62976837158203	1.8121025562286377	0.008960263803601265	0.046293050050735474	1.0	22	0.0	0	0.0	0	0.11048054695129395	0.6056267619132996	0.7880420684814453	1.0	0.0	0.0	0.0	0.7928959727287292	-0.6093570590019226
0.5739879608154297	23.03340721130371	-1.5060715675354004	0.02406361699104309	0.07304810732603073	1.0	22	0.0	0	0.0	0	-0.5753560662269592	-0.30320268869400024	-0.7596272230148315	1.0	0.0	0.0	0.0	-0.9287497401237488	0.3707073926925659
1.9385545253753662	24.629770278930664	-1.8292829990386963	0.1371673196554184	0.6914628744125366	1.0	22	0.0	0	0.0	0	0.10657583177089691	0.6033680438995361	-0.7903092503547668	1.0	0.0	0.0	0.0	-0.794836163520813	-0.6068241596221924
0.5739879608154297	23.03340721130371	-1.5060715675354004	0.10898173600435257	0.6928632855415344	1.0	22	0.0	0	0.0	0	-0.5753560662269592	-0.30320268869400024	-0.7596272230148315	1.0	0.0	0.0	0.0	-0.9287497401237488	0.3707073926925659
-0.7011775970458984	23.668426513671875	-1.506103515625	0.10572809725999832	0.6725074052810669	1.0	22	0.0	0	0.0	0	-0.4839598536491394	-0.6533202528953552	-0.5821988582611084	1.0	0.0	0.0	0.0	-0.6653015613555908	0.7465748190879822
0.5739850997924805	23.033409118652344	1.505415916442871	0.26254361867904663	0.19914984703063965	1.0	22	0.0	0	0.0	0	-0.5701642632484436	-0.30163833498954773	0.7641512155532837	1.0	0.0	0.0	0.0	0.930155336856842	0.3671661913394928
1.9500834941864014	24.62976837158203	1.8121025562286377	0.26126933097839355	0.22868472337722778	1.0	22	0.0	0	0.0	0	0.11048054695129395	0.6056267619132996	0.7880420684814453	1.0	0.0	0.0	0.0	0.7928959727287292	-0.6093570590019226
-0.701176643371582	23.668428421020508	1.505385398864746	0.24279123544692993	0.19571006298065186	1.0	22	0.0	0	0.0	0	-0.4834251403808594	-0.6509140133857727	0.5853298902511597	1.0	0.0	0.0	0.0	0.668653666973114	0.7435739040374756
1.440256118774414	24.70293617248535	0.6987476348876953	0.905341386795044	0.47264695167541504	1.0	22	0.0	0	0.0	0	-0.013589613139629364	0.9417018294334412	-0.3361741602420807	1.0	0.0	0.0	0.0	-0.33620521426200867	-0.9417888522148132
2.1918039321899414	24.702938079833984	0.025323867797851562	0.9123355150222778	0.46450334787368774	1.0	22	0.0	0	0.0	0	0.02037450112402439	0.9997920989990234	0.0007834944408386946	1.0	0.0	0.0	0.0	0.0007836571312509477	-0.9999997019767761
1.469010353088379	24.702938079833984	0.046154022216796875	0.9121366739273071	0.47231847047805786	1.0	22	0.0	0	0.0	0	-0.44233438372612	0.8968231678009033	0.00696624955162406	1.0	0.0	0.0	0.0	0.0077674612402915955	-0.9999698400497437
1.4284296035766602	24.70293617248535	-0.6991238594055176	0.9199001789093018	0.4727395176887512	1.0	22	0.0	0	0.0	0	-0.009467069990932941	0.9411971569061279	0.3377254009246826	1.0	0.0	0.0	0.0	0.33774054050445557	-0.9412393569946289
1.9385545253753662	24.629770278930664	-1.8292829990386963	0.9316602945327759	0.47012192010879517	1.0	22	0.0	0	0.0	0	0.10657583177089691	0.6033680438995361	-0.7903092503547668	1.0	0.0	0.0	0.0	-0.794836163520813	-0.6068241596221924
-1.137101173400879	25.010068893432617	-0.6991238594055176	0.5232405662536621	0.17936789989471436	1.0	22	0.0	0	0.0	0	-0.72525954246521	0.24720841646194458	0.6425625085830688	1.0	0.0	0.0	0.0	0.9333119988441467	-0.359066367149353
1.1454343795776367	24.268428802490234	-0.6991233825683594	0.5370184183120728	0.20778930187225342	1.0	22	0.0	0	0.0	0	-0.5871340036392212	0.4041000008583069	0.7014105916023254	1.0	0.0	0.0	0.0	0.8664848208427429	-0.4992033541202545
1.1454353332519531	25.010068893432617	-0.6991229057312012	0.5275919437408447	0.20932215452194214	1.0	22	0.0	0	0.0	0	0.5470227003097534	0.45006877183914185	0.7058359384536743	1.0	0.0	0.0	0.0	0.8431739211082458	-0.5376408696174622
1.1454353332519531	24.2684268951416	0.6987447738647461	0.5761967897415161	0.20362955331802368	1.0	22	0.0	0	0.0	0	-0.5746984481811523	0.4119596779346466	-0.707114577293396	1.0	0.0	0.0	0.0	-0.8640573620796204	-0.5033933520317078
-1.1371002197265625	25.010066986083984	0.6987466812133789	0.5823788642883301	0.18733108043670654	1.0	22	0.0	0	0.0	0	-0.7258469462394714	0.24743203818798065	-0.6418127417564392	1.0	0.0	0.0	0.0	-0.9330623149871826	-0.3597147464752197
1.145437240600586	25.010068893432617	0.6987476348876953	0.581402063369751	0.20395904779434204	1.0	22	0.0	0	0.0	0	0.5392453670501709	0.45329996943473816	-0.7097418904304504	1.0	0.0	0.0	0.0	-0.8427751064300537	-0.5382660031318665
